200
 334 272 249 74 188 186 77 263 323 100
 132 132 461 10 130 217 281 437 290 42
 371 410 21 474 18 468 212 19 379 41
 143 226 446 353 437 118 430 393 483 339
 165 53 87 295 321 53 124 226 298 34
 400 421 68 28 48 271 431 1 460 326
 88 111 211 75 324 31 19 237 153 229
 198 38 211 263 324 172 467 59 112 96
 36 217 248 333 357 131 51 45 276 494
 300 62 5 367 239 405 477 496 250 308
 436 139 43 335 477 416 230 299 73 247
 172 295 112 145 442 290 465 235 273 212
 227 227 189 74 475 87 8 142 19 484
 84 159 51 280 247 386 391 416 431 34
 268 142 160 3 116 31 480 296 393 422
 194 149 373 58 223 260 498 370 260 151
 271 493 149 45 319 66 14 450 207 71
 399 147 186 105 196 274 278 113 399 252
 291 39 347 382 337 165 499 124 330 429
 398 29 101 277 489 198 188 317 23 390
 309
 615 552 960 98 587 329 854 856 930 222
 578 144 561 927 402 972 668 902 607 212
 616 947 807 324 50 331 484 789 352 468
 952 670 403 671 332 438 185 822 813 704
 291 64 234 629 255 704 405 231 485 560
 229 51 336 319 725 400 841 733 863 698
 498 32 880 714 758 807 566 447 806 456
 265 145 932 728 406 86 563 242 80 819
 910 699 574 743 371 616 167 318 949 842
 909 556 517 224 255 806 414 286 425 527
 39 284 920 89 286 742 223 166 621 670
 805 237 683 951 70 449 990 680 386 693
 931 235 306 392 203 571 236 800 601 418
 59 502 434 257 422 911 992 193 852 429
 384 116 823 286 319 24 231 80 681 674
 463 127 446 280 871 67 738 956 309 602
 816 754 706 809 157 630 592 43 708 638
 596 836 512 63 519 295 650 267 990 360
 3 465 405 257 514 302 316 758 901 703
 224 295 764 714 807 73 128 484 608 740
 806