300
 334 272 249 74 188 186 77 263 323 100
 132 132 461 10 130 217 281 437 290 42
 371 410 21 474 18 468 212 19 379 41
 143 226 446 353 437 118 430 393 483 339
 165 53 87 295 321 53 124 226 298 34
 400 421 68 28 48 271 431 1 460 326
 88 111 211 75 324 31 19 237 153 229
 198 38 211 263 324 172 467 59 112 96
 36 217 248 333 357 131 51 45 276 494
 300 62 5 367 239 405 477 496 250 308
 436 139 43 335 477 416 230 299 73 247
 172 295 112 145 442 290 465 235 273 212
 227 227 189 74 475 87 8 142 19 484
 84 159 51 280 247 386 391 416 431 34
 268 142 160 3 116 31 480 296 393 422
 194 149 373 58 223 260 498 370 260 151
 271 493 149 45 319 66 14 450 207 71
 399 147 186 105 196 274 278 113 399 252
 291 39 347 382 337 165 499 124 330 429
 398 29 101 277 489 198 188 317 23 390
 309 307 276 480 49 293 164 427 428 465
 111 289 72 280 463 201 486 334 451 303
 106 308 473 403 162 25 165 242 394 176
 234 476 335 201 335 166 219 92 411 406
 352 145 32 117 314 127 352 202 115 242
 280 114 25 168 159 362 200 420 366 431
 349 249 16 440 357 379 403 283 223 403
 228 132 72 466 364 203 43 281 121 40
 409 455 349 287 371 185 308 83 159 474
 421 454 278 258 112 127 403 207 143 212
 263
 39 284 920 89 286 742 223 166 621 670
 805 237 683 951 70 449 990 680 386 693
 931 235 306 392 203 571 236 800 601 418
 59 502 434 257 422 911 992 193 852 429
 384 116 823 286 319 24 231 80 681 674
 463 127 446 280 871 67 738 956 309 602
 816 754 706 809 157 630 592 43 708 638
 596 836 512 63 519 295 650 267 990 360
 3 465 405 257 514 302 316 758 901 703
 224 295 764 714 807 73 128 484 608 740
 806 6 803 665 589 788 26 554 220 502
 274 778 47 249 840 752 272 6 789 871
 684 928 429 954 435 365 54 748 967 332
 154 542 293 184 574 558 353 613 144 421
 811 744 371 670 895 783 484 269 814 892
 733 40 695 74 724 163 769 213 13 267
 10 786 775 909 903 653 94 133 115 259
 319 514 379 639 586 287 764 989 632 823
 974 644 977 521 6 369 118 652 824 834
 770 702 243 263 825 520 361 463 886 783
 878 848 849 678 352 477 577 310 164 12
 659 326 295 15 345 590 147 18 744 914
 217 749 721 910 56 889 541 491 266 667
 781 944 972 241 482 546 915 746 219 514
 874 155 345 633 378 463 131 181 417 651
 572 461 322 595 869 303 779 85 452 823
 912 305 971 912 595 432 939 813 634 30
 812 719 517 24 939 200 731 606 299 262
 109 537 32 466 338 263 939 68 219 77
 255 903 278 725 790 857 584 701 856 67
 363