400
 334 272 249 74 188 186 77 263 323 100
 132 132 461 10 130 217 281 437 290 42
 371 410 21 474 18 468 212 19 379 41
 143 226 446 353 437 118 430 393 483 339
 165 53 87 295 321 53 124 226 298 34
 400 421 68 28 48 271 431 1 460 326
 88 111 211 75 324 31 19 237 153 229
 198 38 211 263 324 172 467 59 112 96
 36 217 248 333 357 131 51 45 276 494
 300 62 5 367 239 405 477 496 250 308
 436 139 43 335 477 416 230 299 73 247
 172 295 112 145 442 290 465 235 273 212
 227 227 189 74 475 87 8 142 19 484
 84 159 51 280 247 386 391 416 431 34
 268 142 160 3 116 31 480 296 393 422
 194 149 373 58 223 260 498 370 260 151
 271 493 149 45 319 66 14 450 207 71
 399 147 186 105 196 274 278 113 399 252
 291 39 347 382 337 165 499 124 330 429
 398 29 101 277 489 198 188 317 23 390
 309 307 276 480 49 293 164 427 428 465
 111 289 72 280 463 201 486 334 451 303
 106 308 473 403 162 25 165 242 394 176
 234 476 335 201 335 166 219 92 411 406
 352 145 32 117 314 127 352 202 115 242
 280 114 25 168 159 362 200 420 366 431
 349 249 16 440 357 379 403 283 223 403
 228 132 72 466 364 203 43 281 121 40
 409 455 349 287 371 185 308 83 159 474
 421 454 278 258 112 127 403 207 143 212
 263 19 142 460 44 143 371 111 83 310
 335 402 118 341 475 35 224 495 340 193
 346 465 117 153 196 101 285 118 400 300
 209 29 251 217 128 211 455 496 96 426
 214 192 58 411 143 159 12 115 40 340
 337 231 63 223 140 435 33 369 478 154
 301 408 377 353 404 78 315 296 21 354
 319 298 418 256 31 259 147 325 133 495
 180 1 232 202 128 257 151 158 379 450
 351 112 147 382 357 403 36 64 242 304
 370
 806 6 803 665 589 788 26 554 220 502
 274 778 47 249 840 752 272 6 789 871
 684 928 429 954 435 365 54 748 967 332
 154 542 293 184 574 558 353 613 144 421
 811 744 371 670 895 783 484 269 814 892
 733 40 695 74 724 163 769 213 13 267
 10 786 775 909 903 653 94 133 115 259
 319 514 379 639 586 287 764 989 632 823
 974 644 977 521 6 369 118 652 824 834
 770 702 243 263 825 520 361 463 886 783
 878 848 849 678 352 477 577 310 164 12
 659 326 295 15 345 590 147 18 744 914
 217 749 721 910 56 889 541 491 266 667
 781 944 972 241 482 546 915 746 219 514
 874 155 345 633 378 463 131 181 417 651
 572 461 322 595 869 303 779 85 452 823
 912 305 971 912 595 432 939 813 634 30
 812 719 517 24 939 200 731 606 299 262
 109 537 32 466 338 263 939 68 219 77
 255 903 278 725 790 857 584 701 856 67
 363 544 831 686 960 133 169 707 587 500
 880 86 252 429 228 500 186 227 754 316
 731 788 524 628 850 798 453 849 586 403
 14 228 40 225 112 811 910 776 600 807
 45 566 937 143 658 507 42 68 455 979
 935 988 458 997 145 206 931 192 343 70
 749 12 306 755 268 700 661 969 358 762
 823 593 210 827 694 421 202 423 855 904
 127 547 423 998 356 604 616 248 116 666
 797 318 406 553 916 942 152 949 920 663
 374 650 182 576 627 139 745 360 55 396
 979 170 713 952 189 65 491 755 571 644
 573 308 379 302 475 663 673 562 925 125
 701 145 300 118 884 449 994 841 542 956
 666 971 197 410 87 911 462 17 998 179
 809 333 224 276 881 296 177 124 225 970
 750 120 286 920 239 192 19 177 279 135
 20 252 44 620 894 612 793 410 998 990
 438 388 276 809 207 836 867 660 644 653
 538 713 439 6 22 273 172 624 65 89
 439