10000
 334 272 249 74 188 186 77 263 323 100
 132 132 461 10 130 217 281 437 290 42
 371 410 21 474 18 468 212 19 379 41
 143 226 446 353 437 118 430 393 483 339
 165 53 87 295 321 53 124 226 298 34
 400 421 68 28 48 271 431 1 460 326
 88 111 211 75 324 31 19 237 153 229
 198 38 211 263 324 172 467 59 112 96
 36 217 248 333 357 131 51 45 276 494
 300 62 5 367 239 405 477 496 250 308
 436 139 43 335 477 416 230 299 73 247
 172 295 112 145 442 290 465 235 273 212
 227 227 189 74 475 87 8 142 19 484
 84 159 51 280 247 386 391 416 431 34
 268 142 160 3 116 31 480 296 393 422
 194 149 373 58 223 260 498 370 260 151
 271 493 149 45 319 66 14 450 207 71
 399 147 186 105 196 274 278 113 399 252
 291 39 347 382 337 165 499 124 330 429
 398 29 101 277 489 198 188 317 23 390
 309 307 276 480 49 293 164 427 428 465
 111 289 72 280 463 201 486 334 451 303
 106 308 473 403 162 25 165 242 394 176
 234 476 335 201 335 166 219 92 411 406
 352 145 32 117 314 127 352 202 115 242
 280 114 25 168 159 362 200 420 366 431
 349 249 16 440 357 379 403 283 223 403
 228 132 72 466 364 203 43 281 121 40
 409 455 349 287 371 185 308 83 159 474
 421 454 278 258 112 127 403 207 143 212
 263 19 142 460 44 143 371 111 83 310
 335 402 118 341 475 35 224 495 340 193
 346 465 117 153 196 101 285 118 400 300
 209 29 251 217 128 211 455 496 96 426
 214 192 58 411 143 159 12 115 40 340
 337 231 63 223 140 435 33 369 478 154
 301 408 377 353 404 78 315 296 21 354
 319 298 418 256 31 259 147 325 133 495
 180 1 232 202 128 257 151 158 379 450
 351 112 147 382 357 403 36 64 242 304
 370 403 3 401 332 294 394 13 277 110
 251 137 389 23 124 420 376 136 3 394
 435 342 464 214 477 217 182 27 374 483
 166 77 271 146 92 287 279 176 306 72
 210 405 372 185 335 447 391 242 134 407
 446 366 20 347 37 362 81 384 106 6
 133 5 393 387 454 451 326 47 66 57
 129 159 257 189 319 293 143 382 494 316
 411 487 322 488 260 3 184 59 326 412
 417 385 351 121 131 412 260 180 231 443
 391 439 424 424 339 176 238 288 155 82
 6 329 163 147 7 172 295 73 9 372
 457 108 374 360 455 28 444 270 245 133
 333 390 472 486 120 241 273 457 373 109
 257 437 77 172 316 189 231 65 90 208
 325 286 230 161 297 434 151 389 42 226
 411 456 152 485 456 297 216 469 406 317
 15 406 359 258 12 469 100 365 303 149
 131 54 268 16 233 169 131 469 34 109
 38 127 451 139 362 395 428 292 350 428
 33 181 272 415 343 480 66 84 353 293
 250 440 43 126 214 114 250 93 113 377
 158 365 394 262 314 425 399 226 424 293
 201 7 114 20 112 56 405 455 388 300
 403 22 283 468 71 329 253 21 34 227
 489 467 494 229 498 72 103 465 96 171
 35 374 6 153 377 134 350 330 484 179
 381 411 296 105 413 347 210 101 211 427
 452 63 273 211 499 178 302 308 124 58
 333 398 159 203 276 458 471 76 474 460
 331 187 325 91 288 313 69 372 180 27
 198 489 85 356 476 94 32 245 377 285
 322 286 154 189 151 237 331 336 281 462
 62 350 72 150 59 442 224 497 420 271
 478 333 485 98 205 43 455 231 8 499
 89 404 166 112 138 440 148 88 62 112
 485 375 60 143 460 119 96 9 88 139
 67 10 126 22 310 447 306 396 205 499
 495 219 194 138 404 103 418 433 330 322
 326 269 356 219 3 11 136 86 312 32
 44 219 209 122 498 376 442 213 23 388
 399 93 222 217 2 424 391 310 222 305
 2 439 62 219 402 359 172 212 269 360
 115 80 443 58 167 49 436 49 491 154
 314 352 6 103 59 299 229 233 289 418
 318 379 167 180 175 185 130 237 198 23
 203 130 411 448 65 136 190 52 441 91
 81 7 246 273 433 196 49 373 439 439
 7 50 359 222 122 430 467 279 397 44
 331 97 277 206 223 436 392 223 395 340
 278 129 154 53 301 390 317 113 332 368
 292 308 214 321 112 213 80 485 118 135
 123 0 335 356 336 176 313 84 422 484
 82 491 128 196 70 442 286 374 340 447
 351 40 353 444 465 117 81 409 8 309
 411 460 203 372 377 318 103 67 320 369
 417 300 252 359 380 355 292 225 19 64
 164 256 1 102 16 84 18 108 146 242
 125 244 353 187 105 139 441 269 306 259
 53 26 12 290 389 283 426 410 443 148
 212 387 463 3 313 328 463 453 327 150
 494 10 130 97 278 457 153 160 263 267
 341 190 243 293 456 100 184 423 422 399
 195 56 319 250 370 75 189 110 486 330
 282 499 390 272 214 397 205 142 444 100
 196 272 119 177 20 202 465 117 278 230
 173 117 224 189 228 265 10 403 241 423
 333 403 32 483 417 436 313 282 353 263
 106 354 427 228 432 302 160 18 433 359
 15 262 240 331 316 130 337 172 376 185
 134 472 87 377 269 487 303 270 126 405
 20 118 126 114 373 457 198 280 188 315
 219 14 335 143 231 254 93 237 189 32
 243 124 114 112 193 331 392 300 414 421
 407 71 59 65 211 343 217 84 253 190
 172 384 239 280 23 300 360 222 237 18
 94 251 116 86 302 440 391 405 301 241
 384 178 157 295 179 68 259 487 257 110
 288 314 103 101 77 292 161 312 87 376
 308 359 29 190 399 59 409 242 322 177
 424 387 485 497 168 87 168 424 399 279
 377 118 304 291 395 3 418 349 54 26
 304 103 490 425 476 63 89 457 362 366
 176 362 378 212 182 484 436 212 425 132
 334 63 20 428 422 54 151 16 114 258
 144 370 67 66 456 108 235 444 306 216
 486 258 124 479 274 398 213 50 138 233
 299 297 3 359 276 124 154 60 206 221
 65 308 83 206 282 407 434 448 34 324
 99 200 147 455 209 187 263 424 394 312
 174 307 125 269 227 424 27 426 357 135
 245 235 173 236 200 133 77 349 381 217
 312 93 94 434 168 33 498 147 433 375
 94 314 22 105 492 147 356 379 62 435
 9 378 99 190 61 135 358 151 309 347
 372 427 124 349 127 496 273 492 359 71
 356 95 174 33 123 495 423 267 473 439
 483 109 107 249 137 59 186 9 420 172
 297 325 183 317 48 204 118 139 341 301
 312 20 116 444 251 485 76 449 30 408
 272 2 0 123 360 11 353 465 338 11
 38 381 62 163 108 268 51 486 492 486
 294 208 371 67 49 308 34 162 364 284
 93 197 12 331 423 102 126 29 11 447
 82 410 369 196 238 218 287 320 262 21
 9 391 161 166 48 98 327 470 444 261
 51 96 471 2 59 104 170 129 108 15
 332 140 238 52 35 102 375 286 127 356
 0 75 209 494 494 360 55 419 130 8
 245 138 187 225 88 435 362 383 265 66
 267 300 190 270 47 377 286 499 122 432
 317 196 196 218 70 295 73 413 309 476
 340 272 281 323 494 476 445 329 71 50
 441 464 285 112 181 123 466 253 234 116
 89 177 408 153 373 324 58 4 226 260
 404 134 11 148 328 341 395 334 405 294
 266 278 59 463 271 45 154 408 246 84
 2 324 397 485 107 226 47 260 385 316
 215 366 106 205 370 26 277 139 384 342
 203 490 368 273 475 287 14 378 135 367
 276 87 355 164 499 5 203 178 380 325
 23 421 164 351 480 94 314 215 379 134
 254 96 468 247 185 187 327 129 5 214
 140 245 305 81 131 374 8 37 272 454
 243 158 410 361 330 3 281 476 321 379
 272 366 227 229 321 73 264 426 389 90
 352 460 335 149 474 358 250 208 384 337
 179 172 359 68 206 250 159 22 498 364
 143 6 233 261 373 300 424 327 489 116
 296 130 248 493 11 351 430 371 129 6
 214 397 246 138 371 111 492 141 186 410
 319 146 234 58 352 460 476 162 86 71
 324 227 251 329 217 113 369 306 308 127
 329 433 371 313 54 87 18 120 406 210
 12 129 184 399 487 374 352 276 69 273
 469 464 247 74 101 367 69 282 469 320
 486 333 260 6 294 157 3 367 409 95
 364 232 356 496 137 178 312 223 297 256
 279 234 431 263 484 50 81 127 286 373
 218 133 420 268 162 18 430 383 454 52
 291 30 305 219 266 61 274 484 235 224
 387 441 43 95 416 418 496 371 148 336
 126 205 468 461 137 456 359 460 81 380
 170 335 64 29 271 419 253 320 205 329
 95 114 41 493 143 6 53 259 293 309
 144 12 116 345 392 63 184 208 25 196
 265 268 276 230 293 146 42 113 116 150
 79 284 67 403 190 458 420 137 223 277
 50 151 480 101 445 222 366 300 392 327
 146 82 350 418 118 356 147 429 78 62
 47 376 115 299 455 129 2 407 352 272
 92 204 45 340 190 28 161 210 488 453
 406 124 284 448 223 20 353 56 371 464
 362 483 451 383 287 129 18 68 271 357
 225 409 450 469 120 380 337 318 147 121
 495 108 421 376 298 241 219 10 13 283
 142 20 229 298 498 287 446 343 297 52
 225 458 412 482 283 19 386 478 184 333
 380 158 6 380 373 372 101 305 409 472
 113 410 243 159 236 253 141 462 43 159
 498 307 450 457 22 200 76 361 214 114
 172 162 158 154 415 45 97 226 141 249
 173 290 152 236 465 430 373 92 184 72
 5 222 0 114 74 307 482 95 314 216
 265 468 247 434 164 280 470 237 261 19
 463 164 23 424 14 269 81 403 54 252
 331 99 6 465 125 203 204 449 33 356
 267 217 358 238 493 361 65 346 162 177
 367 342 147 224 324 385 468 9 197 324
 354 51 466 345 487 17 55 380 438 82
 315 440 396 353 56 307 73 340 328 181
 107 435 146 199 235 338 120 39 361 252
 90 176 233 265 315 463 247 451 359 202
 91 379 278 146 289 78 25 465 21 382
 73 233 104 411 419 48 58 77 279 13
 404 390 36 15 136 1 384 284 435 171
 346 105 25 341 411 380 392 298 80 277
 372 402 0 464 472 450 281 342 142 249
 89 327 244 443 380 425 420 46 339 396
 45 280 499 78 456 77 348 43 245 179
 9 494 308 12 188 377 232 491 361 367
 224 335 78 309 322 262 425 263 142 396
 257 206 481 395 489 75 304 449 193 368
 306 411 278 171 200 66 103 489 123 262
 1 264 155 108 9 193 237 119 125 483
 452 382 106 47 457 186 229 184 54 91
 370 127 477 233 238 59 441 472 9 139
 410 109 263 253 242 430 128 335 62 213
 307 60 190 371 64 452 100 230 39 315
 331 298 373 80 190 441 33 274 420 181
 20 123 331 1 443 391 154 93 382 112
 11 210 451 153 195 372 481 232 457 111
 442 194 308 262 162 24 291 485 389 444
 369 296 140 486 462 279 291 464 381 361
 157 248 44 491 380 110 482 374 151 311
 142 326 61 132 299 278 90 280 350 354
 135 104 402 90 397 131 347 313 245 306
 267 397 488 262 196 211 80 145 23 316
 67 96 8 250 232 230 428 42 51 152
 341 1 87 164 94 216 245 438 451 11
 22 128 341 299 280 261 355 49 344 403
 124 266 65 446 114 147 199 475 19 97
 425 91 4 304 200 352 136 459 212 336
 14 167 354 43 225 341 232 446 13 59
 133 118 192 114 432 302 253 209 256 453
 131 313 115 370 312 58 278 285 249 429
 139 263 54 73 190 420 135 338 376 213
 178 425 247 202 220 353 251 468 65 168
 80 206 418 210 352 1 264 39 192 10
 226 497 265 436 70 8 55 252 410 402
 122 97 472 325 158 437 136 262 65 241
 442 439 499 113 238 214 144 334 281 99
 352 314 6 234 220 130 89 167 68 446
 162 374 273 129 436 30 272 132 356 421
 257 372 102 309 54 369 325 56 69 283
 200 80 111 9 276 403 457 393 387 34
 431 64 405 453 263 381 408 87 132 315
 130 267 284 419 99 158 456 192 170 294
 55 306 137 428 400 59 265 306 209 151
 375 236 447 189 336 32 299 275 360 449
 148 132 187 379 341 182 322 280 172 344
 436 235 452 362 327 101 173 160 467 381
 222 155 484 452 321 436 389 247 23 417
 177 449 76 317 450 161 146 119 73 312
 79 43 206 44 313 497 114 302 39 20
 202 161 255 396 296 129 475 2 152 381
 156 256 433 43 474 333 123 45 330 49
 159 53 300 100 252 201 446 211 400 24
 250 11 23 242 417 460 476 255 370 423
 179 131 30 249 280 405 497 378 234 476
 29 198 60 70 196 130 451 307 415 257
 452 30 321 419 207 240 380 228 177 464
 134 208 409 70 272 402 234 168 277 130
 376 75 333 414 173 320 77 241 53 114
 85 218 353 165 12 377 451 47 192 477
 52 236 129 95 21 115 413 470 52 460
 218 304 109 73 167 311 364 371 53 138
 204 24 220 34 21 200 424 337 34 350
 224 18 75 63 169 239 89 214 492 273
 499 272 271 452 489 349 440 350 85 126
 484 466 415 348 378 87 441 475 307 440
 109 42 373 234 31 51 243 255 75 36
 464 362 195 377 115 377 258 127 452 241
 15 340 132 269 394 108 98 417 210 400
 86 433 380 47 55 242 346 201 298 72
 452 120 181 386 112 188 257 269 483 474
 495 5 358 172 381 158 320 260 60 210
 200 499 154 174 206 397 324 201 20 414
 265 415 64 487 487 339 120 115 4 479
 481 41 156 119 200 13 86 262 208 232
 55 120 74 160 17 477 28 458 231 244
 192 273 331 26 339 89 56 9 375 392
 412 487 216 203 92 181 97 158 370 129
 440 445 185 120 393 141 452 267 74 494
 394 335 394 14 303 272 148 186 470 153
 11 310 490 473 496 126 327 376 168 10
 336 233 467 499 293 212 433 299 461 362
 54 147 190 37 458 285 94 229 475 301
 316 28 325 287 317 374 414 171 134 22
 258 300 380 387 357 192 404 102 412 198
 149 399 296 358 172 347 54 366 214 420
 252 464 474 76 170 300 447 21 23 71
 266 148 323 56 365 407 67 285 400 280
 291 267 229 300 427 277 476 488 85 497
 370 12 348 437 32 466 465 53 328 275
 192 0 272 419 64 125 120 484 30 431
 499 255 145 260 79 362 401 298 467 341
 174 237 203 320 72 42 329 227 349 472
 489 495 360 333 401 441 478 31 271 340
 16 315 456 398 206 68 497 25 332 409
 34 44 471 171 7 317 235 87 47 50
 284 312 173 359 373 110 47 141 320 115
 334 498 255 132 279 29 432 41 414 158
 20 173 485 41 34 191 69 275 186 363
 434 26 442 436 299 30 474 292 467 250
 291 125 150 163 308 251 258 275 30 394
 248 354 337 268 428 226 241 96 401 496
 309 42 172 120 126 72 202 304 420 231
 363 403 155 294 129 159 335 118 298 278
 344 284 380 383 280 26 31 168 287 226
 302 69 276 365 486 197 347 249 87 400
 437 321 381 200 128 470 95 233 452 283
 334 352 104 341 268 356 353 276 133 499
 266 284 133 49 240 144 322 199 256 417
 291 277 388 204 376 136 311 78 91 308
 182 441 167 95 363 379 186 291 427 115
 75 353 187 120 78 25 111 434 219 174
 11 153 185 323 352 411 208 46 381 376
 455 459 56 394 257 309 118 362 385 420
 310 262 48 179 187 306 161 352 8 472
 231 439 380 261 376 263 281 366 69 127
 43 475 185 83 457 9 108 347 363 54
 239 264 190 32 78 375 221 140 170 45
 341 100 207 55 124 28 96 4 398 279
 163 72 312 499 71 405 400 441 253 308
 474 295 182 366 8 194 176 475 444 253
 428 172 302 65 60 198 453 14 342 312
 228 291 143 128 68 116 439 198 292 116
 85 89 106 200 120 315 393 96 68 214
 462 303 293 184 375 444 185 302 440 218
 326 85 163 470 68 216 337 493 235 182
 115 324 70 185 67 190 300 208 333 316
 372 259 91 38 32 432 5 9 417 425
 281 430 288 499 379 110 343 281 416 435
 493 467 269 478 482 12 475 465 18 302
 329 349 210 151 238 371 452 380 95 46
 484 138 155 119 68 276 395 352 305 180
 67 305 395 467 90 127 485 457 374 291
 318 270 409 424 145 288 51 121 79 418
 170 81 469 362 181 79 299 184 263 231
 469 48 423 168 97 334 192 387 396 49
 359 370 347 242 28 287 4 325 427 1
 489 385 342 245 266 238 221 289 314 198
 178 95 378 414 412 352 399 386 168 267
 379 263 145 201 178 466 211 1 141 125
 14 112 260 145 141 172 336 150 315 154
 286 53 372 372 243 112 444 251 486 411
 385 68 324 385 115 302 420 233 288 497
 2 310 284 41 14 461 171 408 262 136
 401 412 245 461 193 214 204 242 129 248
 41 471 307 224 86 95 319 42 16 2
 392 293 271 365 316 281 344 39 199 17
 188 345 257 418 209 18 347 277 419 150
 194 473 130 439 281 323 98 487 349 181
 378 243 261 332 466 283 463 397 326 67
 468 244 460 481 165 85 337 7 279 262
 93 394 183 435 482 305 450 421 191 189
 90 153 461 440 84 168 281 497 140 52
 307 477 293 45 254 215 23 429 72 87
 59 169 337 64 215 201 65 264 327 145
 158 287 240 404 219 127 416 52 330 454
 397 37 241 454 54 222 335 149 124 67
 48 484 16 149 168 377 218 108 369 326
 250 132 13 424 410 451 249 175 155 463
 226 294 412 280 469 479 466 105 232 292
 39 223 102 311 298 212 112 255 138 206
 465 456 496 461 472 279 187 215 379 380
 376 172 430 302 162 271 340 39 310 401
 11 420 37 197 122 151 251 219 137 331
 239 262 319 73 452 287 294 246 419 404
 94 123 322 400 250 204 491 72 163 481
 439 118 401 407 263 314 258 107 243 479
 467 22 376 450 321 155 102 330 80 126
 124 152 237 377 496 231 231 200 93 456
 32 118 35 160 275 414 338 321 273 84
 232 349 266 165 309 3 358 360 269 379
 1 388 435 68 68 80 86 8 488 321
 358 22 313 391 72 470 228 23 248 442
 297 269 281 90 297 489 48 499 154 255
 499 318 376 433 414 299 324 92 3 392
 405 218 298 133 237 465 172 223 186 367
 16 465 256 494 127 232 4 215 472 209
 295 166 283 361 425 378 414 421 110 432
 185 227 68 268 416 0 320 40 195 122
 50 240 469 232 319 387 300 44 286 470
 426 481 410 402 315 305 247 279 475 101
 122 158 240 120 469 467 114 0 447 464
 371 245 62 213 405 410 400 458 320 378
 251 185 444 385 448 240 100 253 136 157
 284 193 166 221 68 362 127 377 121 190
 26 317 245 417 65 269 175 303 136 486
 181 249 210 383 63 405 485 410 200 492
 286 221 35 222 213 194 319 151 136 346
 465 469 111 281 23 172 473 219 137 0
 410 16 412 463 259 149 97 152 170 405
 496 212 41 400 489 385 464 332 364 457
 433 354 310 112 153 254 173 494 279 28
 459 101 403 227 56 179 13 69 436 82
 302 407 4 285 207 50 277 230 196 454
 30 169 461 55 338 196 344 254 352 380
 54 232 492 363 228 407 269 445 11 122
 49 314 338 488 78 101 80 425 173 312
 93 198 267 194 298 370 456 80 402 140
 420 184 275 10 145 234 355 395 298 267
 0 483 100 379 438 88 413 83 440 206
 106 161 168 177 450 31 44 174 353 345
 34 383 226 8 9 379 478 451 5 78
 361 58 201 84 399 8 121 8 220 374
 328 344 231 53 189 441 363 342 380 259
 340 246 396 253 314 75 236 233 442 36
 279 448 105 50 100 127 4 461 365 283
 321 137 449 117 92 253 105 210 93 314
 349 427 226 225 158 319 67 238 373 353
 139 276 360 409 119 337 98 35 105 161
 3 132 482 411 488 352 196 217 251 302
 41 242 134 477 136 483 39 25 12 275
 227 183 3 368 170 228 165 118 348 58
 370 310 432 54 159 153 303 241 291 18
 111 237 52 301 143 147 453 168 408 195
 211 375 387 166 14 110 145 77 324 45
 334 272 395 495 369 111 44 489 401 302
 289 307 318 327 454 96 422 211 398 463
 478 49 107 25 141 206 123 300 487 115
 112 22 458 84 118 194 20 203 453 300
 241 331 200 328 342 426 183 325 247 115
 470 485 452 498 357 436 23 397 187 351
 391 385 163 92 365 355 454 46 228 450
 212 80 10 187 306 457 211 65 356 136
 374 337 93 72 358 264 167 12 88 477
 249 449 70 278 317 399 315 164 45 413
 41 348 165 320 259 400 282 255 338 113
 234 27 206 186 17 157 247 410 303 281
 229 322 25 339 374 326 366 323 335 313
 135 239 367 331 112 364 235 340 212 187
 186 31 407 46 136 383 311 220 118 481
 197 253 107 482 118 7 155 405 253 382
 423 16 350 112 15 23 258 184 359 10
 461 8 441 159 247 273 272 153 75 190
 40 460 185 336 323 154 451 22 492 370
 374 457 68 332 368 107 435 185 390 463
 230 466 200 63 170 39 299 306 346 165
 121 496 436 382 116 30 23 156 427 298
 243 222 73 214 77 461 49 379 100 84
 494 257 392 218 81 285 160 154 81 344
 181 191 81 335 237 210 74 76 229 222
 24 261 478 131 40 72 472 329 256 466
 481 383 61 136 27 401 103 420 57 413
 137 342 5 218 75 203 122 350 350 98
 391 364 439 161 85 373 82 123 176 221
 49 221 259 309 373 36 289 117 205 184
 21 19 400 314 184 234 31 155 420 411
 453 492 11 109 397 56 375 492 159 172
 491 440 108 191 306 268 497 347 368 99
 193 467 33 432 77 65 302 242 162 49
 374 66 405 319 280 304 402 142 12 483
 303 115 36 238 49 313 263 369 470 214
 211 124 83 140 222 117 432 468 273 134
 219 399 21 487 425 162 387 201 3 417
 76 332 214 38 156 448 133 320 274 337
 403 352 441 255 43 71 489 336 268 246
 239 336 344 294 95 194 167 352 62 310
 232 210 321 188 332 210 275 390 233 238
 168 222 81 27 64 79 280 361 414 440
 21 99 182 342 366 66 15 417 327 423
 205 330 80 407 142 46 408 474 352 312
 418 468 308 43 86 235 355 155 109 330
 210 244 356 370 68 262 228 98 449 14
 393 56 365 192 246 382 334 257 461 159
 142 28 363 31 274 242 18 78 212 357
 374 321 223 192 448 95 133 369 348 305
 356 97 323 458 483 210 381 423 470 99
 495 462 357 47 259 421 360 431 338 441
 269 278 475 212 494 85 357 435 152 319
 123 228 491 124 446 170 202 167 404 342
 278 293 442 124 351 357 29 5 199 379
 432 438 375 383 207 249 174 183 40 290
 288 410 438 61 462 204 291 261 417 4
 165 367 427 425 221 433 474 283 410 462
 345 239 143 419 128 90 88 339 120 417
 64 212 195 132 429 465 56 374 210 227
 302 302 119 480 434 77 68 392 52 164
 108 166 169 403 256 129 159 386 368 255
 14 0 33 46 93 232 273 443 119 224
 176 73 236 18 179 222 408 472 318 88
 128 18 203 297 375 58 59 201 439 221
 491 348 290 191 476 328 7 295 460 95
 246 160 232 193 116 272 406 243 75 204
 159 28 319 35 97 283 201 202 453 12
 422 329 281 412 274 224 95 98 139 263
 139 32 471 171 208 119 166 80 426 181
 295 3 33 116 230 415 99 336 122 86
 1 123 362 218 332 0 188 19 167 188
 244 28 246 114 222 202 371 378 395 283
 493 315 261 212 275 136 336 250 271 158
 456 93 244 393 475 455 395 46 437 245
 322 303 266 465 420 326 368 122 483 6
 29 435 20 187 144 452 300 12 129 47
 281 46 137 172 477 413 175 263 121 253
 206 395 154 216 419 84 322 286 197 254
 369 100 100 119 119 405 11 376 12 263
 80 329 125 54 155 61 252 439 163 375
 281 481 104 43 395 245 441 306 61 428
 262 203 20 118 472 363 105 292 354 156
 367 106 268 341 183 62 429 387 190 340
 215 445 423 368 317 155 311 176 47 467
 200 356 53 303 44 242 234 210 190 130
 475 209 492 122 197 222 164 47 230 114
 47 171 225 411 242 60 452 246 73 341
 344 330 297 180 27 74 137 476 160 126
 488 131 324 288 236 351 86 84 340 373
 299 206 79 364 300 434 262 410 161 77
 68 189 161 470 320 47 188 281 226 312
 141 432 409 292 87 48 79 178 469 373
 316 291 309 181 368 499 103 114 329 348
 335 185 171 10 438 336 369 59 181 401
 35 283 25 172 318 359 310 278 121 338
 101 400 60 124 182 141 418 381 11 130
 436 368 271 499 292 427 188 36 322 10
 131 272 474 262 253 15 179 222 291 464
 139 195 88 30 20 393 473 171 18 156
 385 299 17 132 429 153 296 316 411 168
 159 97 179 280 16 214 20 96 190 453
 143 38 119 342 359 191 177 46 101 102
 206 374 444 59 322 173 179 415 193 216
 182 327 294 254 304 183 346 429 59 330
 225 19 198 148 336 23 41 210 473 350
 184 333 428 116 438 337 201 151 155 305
 302 206 94 143 0 185 385 149 391 46
 103 157 419 334 322 128 186 92 171 207
 468 15 304 223 407 111 327 173 43 18
 93 496 435 444 172 265 121 110 335 404
 487 291 100 104 325 301 455 172 66 101
 26 315 431 384 166 245 245 91 346 365
 154 61 65 26 115 11 358 58 434 6
 331 458 457 388 463 469 104 286 333 280
 204 189 416 356 136 265 261 74 370 196
 114 43 277 73 25 485 397 278 221 317
 494 343 175 78 447 482 316 201 340 316
 392 478 496 91 78 87 407 441 348 67
 111 445 488 391 250 472 478 491 377 423
 92 60 62 249 260 174 161 403 321 84
 227 26 93 312 442 432 154 172 239 302
 473 487 419 341 110 157 370 303 380 436
 332 108 475 489 208 134 282 342 12 498
 352 150 251 306 128 294 457 59 480 86
 371 464 220 493 114 95 227 362 486 138
 267 13 429 129 279 124 69 278 74 62
 209 411 405 439 344 334 410 446 320 426
 253 305 211 12 123 395 247 220 499 375
 88 284 499 121 157 65 261 390 389 286
 192 19 406 291 418 49 128 421 87 464
 154 172 265 108 114 456 405 73 182 380
 141 267 155 32 353 478 10 442 220 266
 170 87 299 219 193 200 13 99 45 37
 7 33 9 143 322 374 16 447 11 83
 485 70 485 264 214 148 242 12 132 335
 63 415 490 226 243 371 47 272 288 296
 44 170 128 8 62 278 240 233 409 292
 379 294 2 71 288 497 304 352 160 200
 340 95 381 425 124 490 270 281 438 273
 41 470 202 8 136 192 52 343 497 209
 398 381 383 349 265 250 268 96 475 82
 436 288 330 438 43 423 377 192 443 318
 12 224 330 433 299 408 291 78 7 498
 349 400 311 98 411 393 138 409 162 358
 240 413 444 280 171 349 73 336 468 87
 154 314 227 143 42 228 251 367 481 49
 314 404 488 125 340 267 431 259 349 179
 483 306 217 138 483 322 184 440 147 254
 209 411 240 158 268 332 384 495 329 368
 388 272 31 215 88 110 190 242 338 31
 280 294 444 246 213 495 7 249 308 17
 235 149 413 405 248 375 312 255 355 372
 231 125 403 395 490 69 49 317 80 98
 244 329 426 204 485 202 60 131 18 133
 448 422 407 379 439 272 15 111 373 419
 410 341 392 492 61 200 183 370 140 31
 88 407 363 260 485 328 270 284 83 321
 271 217 273 67 363 11 444 302 323 192
 157 163 189 364 112 10 178 187 13 73
 218 392 460 207 470 441 9 200 51 246
 309 146 430 180 19 291 22 240 204 330
 234 90 0 376 50 310 84 252 165 475
 477 171 188 126 101 411 18 8 245 110
 115 470 279 420 98 43 354 423 269 470
 283 142 486 1 27 459 256 442 261 370
 187 61 453 246 290 455 263 469 105 341
 400 77 86 132 163 224 374 222 64 59
 477 468 438 285 367 213 142 498 141 135
 467 74 95 132 474 291 204 200 489 175
 229 88 289 40 483 139 364 49 93 280
 185 322 193 194 106 200 64 177 490 96
 169 182 211 193 311 333 57 30 443 54
 369 400 127 495 219 442 241 47 390 204
 277 236 74 479 384 204 390 33 245 87
 55 429 460 65 140 358 23 185 199 88
 390 326 145 426 398 70 315 389 464 53
 263 267 219 415 489 375 58 258 255 433
 382 293 99 104 233 471 314 2 258 57
 208 267 74 100 34 143 140 286 424 136
 235 198 198 95 39 308 230 336 104 80
 455 237 411 1 362 383 35 219 80 69
 491 104 163 486 153 379 392 448 349 62
 479 305 333 191 344 219 41 191 276 47
 224 158 245 8 139 189 97 264 454 423
 5 234 412 195 250 327 387 25 344 276
 363 415 383 148 65 281 410 74 280 18
 372 293 238 497 387 432 309 259 116 317
 370 27 257 17 74 371 189 381 280 407
 252 482 428 274 444 46 288 428 460 102
 88 422 290 485 357 11 20 395 312 196
 189 229 364 56 277 78 232 264 388 493
 211 122 168 373 21 449 418 483 262 246
 180 440 192 422 382 203 163 102 343 295
 149 223 242 445 351 487 205 104 98 433
 50 282 332 63 483 449 0 70 363 136
 212 425 142 294 278 136 44 106 401 164
 268 16 78 380 451 354 482 120 8 28
 144 344 88 318 466 242 77 486 20 399
 29 32 164 285 35 295 91 212 348 20
 471 409 224 443 289 465 344 204 381 292
 57 354 51 165 422 469 199 235 243 309
 284 158 167 257 258 22 457 231 193 489
 478 351 222 345 66 382 313 6 218 71
 380 172 394 397 165 57 432 194 85 52
 143 217 174 103 339 141 225 464 175 412
 444 474 267 53 334 420 105 413 18 87
 276 154 207 115 109 130 379 243 455 12
 426 469 337 402 109 321 239 287 314 166
 263 135 83 402 119 417 291 413 296 97
 207 447 328 394 66 245 421 293 200 366
 186 444 104 52 418 140 460 289 338 144
 129 331 135 166 492 474 273 445 17 205
 228 473 219 74 29 161 340 54 49 121
 142 47 407 234 353 218 136 40 130 297
 462 370 70 329 114 362 179 16 229 167
 34 250 180 256 397 271 91 173 3 121
 257 206 56 117 348 336 301 316 8 490
 90 1 172 103 353 253 320 178 234 190
 92 218 1 72 431 49 304 491 187 212
 16 0 348 381 481 291 305 1 126 449
 78 367 498 448 122 248 56 62 33 171
 360 211 407 382 159 294 368 433 251 380
 438 345 130 482 203 316 246 411 443 193
 405 170 79 68 6 359 348 75 56 9
 122 4 87 477 370 258 158 44 143 433
 17 279 461 151 456 449 48 180 159 306
 171 94 141 84 395 253 18 407 312 284
 9 165 427 52 53 165 255 131 174 386
 241 404 213 182 300 227 70 44 319 151
 336 110 476 238 424 188 155 470 336 203
 441 347 369 468 391 14 430 416 454 69
 191 350 33 454 322 107 425 15 324 175
 380 296 328 416 288 292 333 38 377 400
 426 150 297 128 118 208 475 231 162 494
 243 259 362 424 63 264 258 381 357 491
 479 319 241 325 297 133 259 171 316 118
 280 433 72 70 219 287 90 433 124 279
 19 277 403 1 68 255 194 93 430 165
 160 2 170 291 99 411 222 208 92 130
 48 326 384 394 381 477 66 99 295 295
 455 25 182 334 181 367 296 190 332 9
 335 338 95 225 334 96 34 390 385 257
 393 260 228 52 351 261 112 451 386 130
 221 199 450 390 467 57 245 287 267 250
 456 349 372 264 333 103 340 452 300 31
 61 105 378 225 280 192 421 47 219 151
 65 393 141 160 343 65 293 490 412 350
 355 44 213 51 37 351 66 81 32 0
 175 265 482 86 40 181 100 201 410 388
 63 479 281 307 111 482 298 238 351 499
 331 245 344 321 28 98 393 489 173 191
 80 437 375 479 283 184 63 175 55 68
 97 73 15 16 488 203 377 370 50 453
 114 486 472 398 388 130 204 49 469 150
 33 409 395 278 314 483 326 309 360 226
 307 441 150 257 101 484 379 124 365 458
 465 429 130 322 399 262 126 347 497 158
 127 91 487 437 238 145 226 145 13 12
 183 412 191 91 264 225 373 206 469 280
 241 338 334 231 339 113 150 330 82 24
 321 202 152 27 92 277 287 394 424 331
 265 140 222 40 21 171 159 134 455 335
 389 59 428 376 89 302 212 455 442 263
 260 93 337 112 491 27 154 386 386 178
 12 312 257 393 201 403 319 385 91 94
 57 93 92 441 182 427 427 316 431 380
 237 321 116 493 151 413 230 328 19 498
 85 58 386 18 415 106 81 487 284 403
 220 114 310 309 363 318 168 177 57 480
 136 462 244 42 446 74 176 306 246 63
 59 260 111 243 108 332 392 338 477 98
 138 361 126 457 198 79 10 328 189 339
 310 483 438 20 31 376 456 312 40 189
 344 206 496 7 212 293 424 450 159 442
 372 485 21 72 161 310 394 356 388 225
 3 269 140 331 425 394 320 401 205 175
 120 438 312 103 97 431 218 104 473 355
 476 38 249 494 254 35 461 348 364 457
 292 65 433 11 308 199 256 487 455 310
 466 291 412 369 86 366 313 350 185 160
 99 68 267 171 155 99 100 119 206 499
 375 217 214 418 13 66 327 213 380 142
 304 369 103 398 142 459 145 480 200 89
 293 326 116 98 231 259 264 347 95 159
 77 169 357 247 348 218 3 5 336 167
 372 404 435 162 241 10 487 177 145 124
 233 255 396 73 453 297 307 348 276 122
 212 294 134 465 219 495 294 212 192 230
 137 264 173 216 476 406 480 84 155 37
 99 346 178 48 76 171 286 171 188 134
 405 207 97 401 125 252 416 301 78 158
 335 217 414 337 35 122 72 229 429 201
 367 384 133 448 341 283 213 427 94 81
 427 370 195 4 282 211 69 313 404 159
 299 52 19 470 56 189 307 64 67 127
 126 121 85 19 79 149 451 467 110 61
 16 469 123 120 370 480 373 495 353 125
 452 437 252 180 206 170 96 100 414 463
 15 341 403 178 420 293 316 315 436 480
 259 229 347 318 454 456 359 45 428 379
 331 379 346 227 467 453 246 323 450 448
 292 238 68 110 148 320 63 452 252 431
 190 384 226 458 52 180 121 63 418 362
 66 162 191 346 343 177 10 215 142 362
 477 245 319 467 172 255 372 143 2 6
 92 222 93 347 318 130 123 33 344 192
 281 477 457 444 348 371 425 446 51 478
 421 224 57 368 299 426 263 303 241 123
 169 351 27 133 277 366 357 315 380 457
 451 305 346 333 114 395 34 35 59 415
 137 191 257 34 128 302 390 212 341 388
 97 127 382 312 392 23 52 99 33 23
 341 161 418 42 140 326 488 426 307 19
 117 36 338 394 393 151 161 415 46 437
 89 475 183 343 88 273 176 449 449 160
 117 310 289 114 41 247 324 148 439 39
 342 376 472 163 72 101 395 135 67 324
 145 315 455 456 465 204 394 477 227 297
 16 399 302 234 200 424 364 29 182 226
 40 256 168 355 423 362 318 280 367 301
 308 103 416 483 257 8 65 310 303 77
 144 57 163 498 22 205 485 11 310 3
 493 433 457 114 396 464 68 180 20 247
 118 419 165 217 170 259 31 80 10 435
 123 371 179 210 64 349 348 445 353 114
 127 326 123 252 20 294 162 367 168 363
 26 315 429 190 187 293 452 392 454 104
 253 126 302 275 52 494 152 55 299 356
 292 491 124 40 373 201 288 498 491 122
 151 268 176 27 257 275 129 247 415 344
 366 76 212 311 69 280 180 363 133 351
 299 135 442 125 445 192 441 125 151 198
 431 177 16 103 271 103 139 284 445 368
 10 311 305 373 4 428 67 71 414 428
 454 446 369 161 205 466 171 470 68 195
 412 278 182 60 1 49 467 65 323 111
 139 303 238 214 203 337 357 247 497 297
 104 221 300 393 260 368 46 74 52 84
 232 468 0 74 306 259 54 485 392 290
 266 350 308 216 99 83 117 117 285 52
 158 404 27 151 460 96 456 417 417 208
 466 228 385 339 46 69 75 120 279 339
 355 72 459 50 127 161 254 142 2 66
 390 82 444 168 480 38 16 125 246 306
 203 124 242 114 404 263 462 222 433 365
 279 275 237 471 317 90 381 354 1 29
 284 149 499 271 292 375 390 113 322 297
 160 197 29 83 318 201 228 165 23 113
 214 103 262 134 55 40 331 308 118 380
 151 94 374 394 108 372 254 169 432 329
 292 170 478 230 407 497 394 257 233 444
 185 51 280 343 295 356 162 274 453 455
 201 36 371 95 366 397 217 182 1 76
 409 305 433 380 274 151 149 11 402 196
 203 329 181 204 376 443 137 310 325 406
 164 479 93 168 493 306 347 51 414 0
 180 6 132 381 335 107 495 407 486 393
 302 296 109 444 128 422 344 182 438 432
 338 145 95 84 357 23 371 232 307 431
 281 214 393 248 277 276 82 348 189 137
 465 78 154 439 396 167 389 448 221 402
 479 469 487 99 385 263 11 461 43 63
 457 112 403 151 488 65 481 416 407 418
 393 211 305 259 350 489 483 346 94 20
 417 243 7 317 37 51 140 90 457 436
 380 406 213 269 348 176 234 246 231 15
 271 191 52 489 240 453 133 144 157 132
 62 400 325 44 399 172 80 129 235 144
 184 53 307 288 275 407 38 338 343 16
 260 189 329 318 482 93 96 1 181 160
 338 351 478 260 361 189 190 445 497 310
 233 133 181 391 134 313 149 99 410 190
 266 167 336 65 370 279 19 302 401 417
 409 254 160 145 416 116 32 444 242 7
 150 115 244 331 241 236 37 152 91 395
 315 415 416 10 298 301 466 446 44 372
 368 341 129 420 368 290 134 452 487 168
 496 129 289 280 226 487 453 466 296 339
 200 206 261 128 127 448 276 94 343 410
 265 139 491 69 345 188 185 96 70 110
 235 27 406 338 1 186 205 55 72 221
 197 113 85 124 12 175 314 402 258 202
 84 16 303 75 254 301 413 486 454 254
 122 239 425 458 453 119 17 298 60 415
 294 207 305 107 145 6 268 403 306 498
 384 215 481 465 440 199 478 263 110 176
 418 304 142 463 462 201 130 380 77 90
 367 486 305 201 252 299 281 237 265 79
 229 330 477 196 352 298 41 257 227 17
 209 38 474 94 226 79 133 274 493 223
 256 120 253 364 310 201 242 166 382 84
 314 289 232 65 479 385 442 148 291 136
 398 453 237 294 55 168 389 234 16 436
 117 128 292 97 59 188 123 451 417 32
 265 50 156 338 220 230 427 248 114 140
 291 221 214 115 328 123 429 448 103 143
 334 61 322 266 244 388 401 411 361 468
 303 212 213 323 75 248 298 19 414 86
 260 94 456 241 80 497 132 105 469 44
 49 336 140 252 174 388 140 416 146 229
 225 20 389 314 417 46 144 481 101 309
 216 115 192 130 108 285 484 315 70 95
 177 490 449 244 205 338 5 427 125 94
 164 144 241 110 120 1 68 358 240 308
 354 218 414 110 105 430 203 261 278 448
 477 428 208 498 339 396 158 247 496 254
 288 395 55 108 237 249 208 193 408 137
 246 116 400 348 411 124 473 48 337 52
 192 269 351 467 188 119 75 357 345 406
 220 342 210 12 239 489 463 62 249 255
 398 242 298 168 261 439 363 335 238 59
 38 269 345 208 358 162 167 188 262 339
 466 355 155 288 152 418 3 198 423 441
 415 212 84 230 80 138 226 163 200 213
 187 126 182 323 226 104 290 446 92 471
 161 369 214 394 91 452 432 84 229 190
 285 474 168 91 307 480 15 69 333 114
 359 149 383 242 281 169 168 490 28 281
 188 179 49 243 28 111 324 335 188 489
 84 380 238 251 314 38 39 454 401 263
 228 196 456 212 389 27 177 59 193 140
 83 78 489 126 36 438 455 241 254 423
 170 458 215 490 497 411 250 52 208 1
 425 253 386 229 437 275 71 68 54 491
 338 251 153 355 157 373 342 45 183 498
 266 476 178 413 111 81 155 499 109 203
 56 150 119 284 396 291 94 289 310 107
 302 428 113 233 320 110 434 90 28 188
 160 460 163 167 89 33 115 181 412 181
 205 95 115 52 255 111 456 499 264 27
 144 311 108 158 402 437 395 289 120 264
 321 282 335 70 108 232 74 417 439 479
 293 147 220 343 354 389 169 56 361 61
 236 109 417 117 55 412 497 321 490 91
 24 54 115 466 110 214 374 422 293 297
 419 77 337 358 424 159 24 474 407 439
 402 128 127 88 434 417 257 301 216 27
 437 386 379 124 202 300 275 241 341 127
 23 341 168 381 410 136 132 31 127 271
 472 217 150 51 250 246 284 2 92 260
 67 250 115 332 34 215 93 247 488 200
 100 303 280 120 47 272 273 2 52 347
 72 361 386 392 285 189 93 373 199 291
 408 246 363 280 252 273 157 148 182 165
 265 431 10 114 142 111 35 328 462 203
 283 192 159 86 49 441 446 43 399 348
 195 67 437 391 191 294 312 430 297 289
 425 264 192 479 239 167 169 387 50 208
 180 351 201 220 265 93 227 260 293 236
 418 56 291 334 283 15 222 9 210 5
 98 130 372 51 272 93 108 300 196 35
 74 271 60 50 343 407 452 340 61 334
 175 171 310 11 130 443 48 206 138 389
 306 476 470 373 154 441 378 443 192 191
 425 342 215 139 412 134 230 450 221 178
 450 479 473 305 443 189 388 362 285 14
 334 140 365 393 136 56 10 241 488 199
 202 256 257 376 265 188 300 145 224 169
 254 252 337 127 490 237 214 486 5 232
 286 246 387 213 9 266 416 326 66 200
 463 329 155 499 104 34 41 433 221 487
 335 121 242 490 53 86 109 471 241 377
 312 226 66 420 392 439 43 316 387 318
 211 425 145 7 322 177 358 238 307 71
 90 192 30 39 164 47 315 344 376 56
 326 407 281 401 156 164 162 285 384 151
 157 62 409 55 5 430 442 453 434 287
 128 400 155 180 145 39 366 343 137 425
 295 184 165 318 138 267 270 344 30 233
 271 490 433 157 340 439 21 315 37 289
 108 26 133 218 349 301 350 160 172 163
 413 328 319 393 483 63 158 233 377 340
 307 140 76 24 375 220 118 377 422 236
 192 444 447 319 96 59 62 446 357 195
 246 56 239 87 122 231 443 255 269 292
 41 342 423 347 493 173 406 198 230 458
 198 210 209 238 54 317 314 287 52 290
 118 267 295 65 265 110 127 275 208 217
 321 472 469 248 404 135 343 17 182 293
 9 94 136 275 246 214 54 163 17 404
 190 14 168 354 466 359 449 114 325 376
 103 154 346 441 129 242 356 357 204 42
 286 107 438 99 361 416 343 161 377 377
 248 9 407 102 122 349 444 195 381 139
 341 450 241 363 15 316 5 120 274 432
 206 179 323 10 487 161 241 119 49 334
 186 264 228 414 77 43 405 474 351 380
 26 61 408 72 349 287 180 179 73 495
 146 440 101 257 162 485 105 26 37 123
 78 273 465 249 415 477 455 291 455 107
 173 465 248 377 286 147 205 386 214 189
 454 312 202 356 111 371 243 485 109 89
 188 354 133 112 92 443 266 226 388 64
 127 329 171 299 150 319 34 437 263 426
 296 372 27 108 141 63 71 398 71 188
 180 139 176 438 141 276 489 120 146 359
 492 156 274 273 183 152 499 426 2 491
 93 7 329 187 382 229 177 240 434 344
 344 456 251 96 56 171 467 383 282 184
 495 305 107 98 27 108 480 198 301 461
 375 246 85 301 358 368 287 44 135 397
 403 274 7 220 276 290 289 193 179 320
 222 378 455 279 117 132 151 444 390 10
 99 16 98 38 150 88 483 341 390 160
 442 377 446 139 472 202 339 499 121 419
 414 371 226 241 27 143 213 107 477 230
 332 115 451 437 50 30 409 439 295 311
 68 252 231 237 9 255 425 454 217 305
 360 206 376 462 372 99 85 105 477 117
 359 250 353 186 138 487 464 179 335 21
 210 305 52 208 321 190 395 109 487 283
 462 465 40 320 452 409 489 364 136 145
 26 296 221 236 318 243 310 22 370 252
 325 106 274 265 58 394 451 370 371 454
 274 251 158 51 83 135 269 316 375 121
 302 381 313 343 171 475 404 423 237 99
 358 74 224 353 291 379 459 493 207 392
 494 333 207 406 144 164 263 357 106 26
 46 334 45 305 244 464 34 126 221 127
 414 476 489 329 441 463 184 366 404 274
 358 74 379 241 261 218 267 211 280 251
 442 77 0 273 278 93 85 119 76 337
 111 326 127 463 424 95 290 141 201 241
 89 266 359 331 329 185 440 357 352 255
 386 14 496 422 272 213 186 29 184 450
 83 273 300 276 332 372 491 4 482 207
 489 118 392 406 93 87 239 2 102 186
 133 88 371 497 477 0 404 109 159 342
 231 52 219 419 404 432 161 76 493 44
 155 219 123 450 257 222 120 315 234 466
 349 186 108 385 327 365 347 327 397 37
 472 379 454 201 168 322 142 409 1 433
 357 430 89 83 195 437 15 112 127 491
 201 239 106 391 321 183 46 108 90 43
 262 172 37 189 91 406 276 70 276 293
 299 292 395 480 253 195 10 378 376 63
 348 21 484 416 113 404 294 242 259 495
 79 385 270 106 406 312 273 368 486 175
 193 409 86 412 204 309 26 262 66 73
 178 5 422 439 495 304 184 357 6 223
 104 487 45 416 348 253 145 280 84 477
 139 413 494 46 139 295 29 139 68 85
 493 472 333 142 353 339 210 216 320 70
 16 181 66 492 342 362 269 166 128 357
 38 226 362 420 362 412 109 216 378 121
 495 385 453 384 420 461 280 267 350 246
 197 398 468 114 197 98 387 437 287 50
 161 404 137 416 299 59 255 191 330 313
 101 342 12 119 398 115 415 494 270 152
 250 332 411 356 26 320 484 116 267 195
 430 72 243 167 180 48 449 73 114 339
 86 193 183 489 447 357 418 62 414 356
 46 325 100 379 475 227 81 223 462 391
 133 277 430 10 473 374 138 338 280 432
 269 68 206 11 384 153 130 397 481 47
 32 266 283 400 449 368 245 150 176 468
 393 419 151 496 193 467 450 346 397 135
 290 220 138 319 283 315 197 234 238 18
 269 319 244 300 169 187 253 435 364 149
 490 353 356 444 412 85 239 352 300 381
 11 118 72 231 40 237 312 375 488 69
 342 365 92 97 460 376 287 324 180 75
 65 114 62 136 109 247 366 195 149 99
 338 422 52 489 196 411 250 391 249 363
 426 217 404 201 350 66 278 83 117 278
 250 125 471 108 7 478 65 46 366 470
 187 216 186 120 167 190 55 111 17 462
 412 42 441 15 408 362 175 354 257 146
 110 131 13 410 303 394 262 128 344 215
 104
 80 197 532 634 525 627 674 84 477 578
 67 426 280 423 667 528 733 464 293 158
 764 376 740 898 967 472 364 897 459 502
 960 498 602 834 913 390 259 34 600 282
 698 416 715 720 318 528 729 198 415 66
 469 436 225 491 91 829 178 154 919 489
 903 454 82 336 164 973 772 924 644 585
 902 370 556 601 437 257 2 26 104 413
 887 403 123 490 32 598 364 728 282 946
 4 769 409 83 755 441 885 828 978 348
 566 774 852 951 514 765 329 328 481 636
 302 774 356 237 142 244 176 235 596 115
 60 763 534 755 885 899 791 114 544 396
 155 640 335 808 529 828 266 818 948 897
 430 77 641 354 788 440 248 476 285 406
 851 411 101 474 996 919 849 333 776 660
 105 671 707 781 642 466 254 597 588 20
 851 208 164 763 710 939 897 663 925 209
 701 200 384 778 218 386 597 587 934 628
 59 564 552 533 608 254 803 205 446 534
 70 147 636 96 972 704 224 905 380 52
 897 383 985 984 470 80 238 99 251 608
 406 89 539 159 836 116 124 422 828 174
 646 251 333 472 331 775 988 668 8 492
 997 837 37 400 602 932 816 658 288 771
 289 124 761 340 797 791 711 166 255 706
 649 441 762 16 155 190 206 119 745 619
 659 564 16 200 445 527 988 154 785 558
 964 510 21 922 171 942 513 896 42 559
 604 751 621 906 719 477 174 816 409 548
 37 492 211 515 490 528 382 822 908 159
 304 684 799 779 305 898 117 237 747 920
 189 675 694 937 962 759 392 320 808 428
 526 138 458 964 46 320 583 669 470 140
 791 356 335 234 822 39 688 638 491 4
 917 654 960 135 796 9 356 195 109 665
 977 279 433 459 670 679 142 283 277 335
 447 612 266 421 685 163 50 711 440 559
 46 504 2 186 968 204 516 418 222 46
 704 667 381 428 724 845 973 190 805 525
 147 78 992 33 320 355 756 719 250 560
 605 138 285 671 980 454 619 744 815 741
 51 129 34 789 710 668 902 653 634 990
 966 563 185 63 87 706 425 529 397 425
 439 397 419 524 589 75 834 761 499 404
 338 929 717 644 428 615 781 136 624 448
 811 237 905 650 798 876 495 589 686 836
 611 530 586 347 511 326 639 833 887 272
 587 960 221 876 32 665 820 651 890 153
 887 22 353 237 162 111 972 213 318 358
 215 275 579 539 440 673 671 228 207 755
 656 22 305 671 133 339 838 736 257 26
 830 230 155 604 894 269 69 410 706 796
 693 351 925 127 285 431 345 144 475 706
 511 693 969 935 956 230 817 281 516 111
 213 223 164 43 151 171 301 116 0 312
 293 124 377 316 435 941 285 288 535 660
 242 73 181 486 345 637 966 496 888 242
 722 310 487 372 156 530 616 454 544 660
 271 714 78 932 28 597 963 899 949 147
 385 693 748 415 249 561 82 484 662 400
 669 745 947 687 837 195 106 301 173 216
 605 141 456 869 807 175 929 766 461 884
 619 303 16 599 677 527 244 663 337 507
 40 107 792 683 199 118 882 401 33 185
 312 828 595 20 41 360 389 948 187 377
 65 904 897 195 408 516 724 802 904 528
 27 157 682 315 473 302 981 475 707 215
 374 566 886 293 972 328 382 426 809 843
 954 480 41 44 997 924 355 901 203 289
 848 280 973 365 757 205 973 872 878 776
 689 926 501 900 544 647 100 930 471 16
 814 683 480 625 533 282 798 701 922 536
 608 679 164 414 42 815 681 990 378 75
 64 468 896 420 552 214 280 306 8 62
 794 495 875 478 289 742 237 699 657 285
 476 319 268 794 675 496 128 695 354 621
 476 697 129 423 498 202 359 504 86 547
 104 195 53 774 227 331 130 712 312 601
 243 521 188 974 645 20 843 651 587 493
 840 177 818 677 316 891 649 703 41 608
 494 893 413 894 293 891 560 676 508 308
 991 207 171 229 281 658 955 375 135 947
 813 749 352 411 702 199 450 316 1 465
 878 12 257 957 904 451 208 879 893 984
 668 523 322 657 607 930 725 190 21 379
 840 191 396 953 220 924 637 165 306 551
 91 776 472 1 0 463 587 500 92 865
 44 832 71 164 992 43 716 369 994 668
 794 634 549 298 193 548 470 916 721 750
 630 797 287 776 71 274 522 316 851 353
 654 858 567 292 287 106 891 225 951 28
 478 956 959 997 446 919 927 152 344 497
 43 487 52 747 604 3 449 782 215 585
 183 698 526 746 262 574 863 73 656 805
 640 869 479 20 426 349 892 35 638 921
 567 687 147 283 897 66 788 588 14 979
 351 117 723 517 850 788 931 379 101 861
 617 862 891 941 824 349 583 452 990 39
 222 181 542 554 704 33 633 599 674 624
 857 404 463 969 192 273 643 995 690 176
 969 887 111 933 777 309 830 544 766 4
 699 635 682 320 861 406 164 575 458 633
 758 608 501 867 785 545 940 49 708 178
 400 988 849 710 384 470 484 348 630 254
 345 53 208 745 983 211 247 535 398 147
 381 50 547 216 193 248 690 447 110 391
 348 616 405 266 774 916 354 170 210 321
 127 518 822 427 182 645 551 131 388 522
 141 278 548 976 837 113 352 797 297 944
 539 813 585 103 960 172 186 596 746 698
 139 519 292 340 476 847 311 190 626 340
 568 796 630 637 512 569 5 380 879 205
 786 378 885 46 831 950 384 425 534 990
 16 967 495 706 748 787 604 354 340 80
 584 42 182 24 939 358 639 190 981 949
 398 327 132 278 84 116 325 189 841 809
 329 942 157 615 52 237 405 196 465 993
 718 711 68 991 213 462 112 71 163 112
 254 93 79 839 580 284 339 152 411 975
 27 449 145 339 804 187 964 214 93 746
 846 505 210 934 39 823 300 532 760 413
 31 309 936 377 993 484 840 937 224 152
 74 6 770 530 149 457 800 745 918 983
 254 296 986 514 895 492 451 204 407 42
 758 445 341 477 462 302 702 371 987 459
 160 666 706 909 28 852 822 746 653 270
 166 943 504 372 785 182 800 89 244 18
 433 732 610 125 892 228 758 602 807 130
 985 808 303 335 70 83 650 998 571 962
 359 44 586 704 710 24 820 841 312 24
 323 411 260 962 725 510 824 911 332 24
 57 757 526 932 144 559 818 249 35 790
 808 148 355 409 191 495 958 253 791 98
 443 302 846 163 856 204 52 234 786 393
 503 544 24 653 332 15 415 611 293 889
 653 109 471 96 272 814 254 156 533 314
 712 730 922 805 656 721 674 993 526 292
 348 635 313 189 136 595 311 283 893 801
 197 213 96 937 804 423 69 16 193 617
 620 47 951 617 224 27 969 280 100 496
 357 217 551 377 122 289 823 141 174 521
 758 848 853 286 62 457 735 321 925 550
 735 103 415 570 998 758 603 26 690 736
 158 997 83 824 406 584 272 520 901 251
 346 424 961 372 973 105 57 312 813 245
 27 286 63 485 433 520 292 431 363 77
 731 852 331 215 143 957 653 99 890 843
 778 851 630 438 40 761 314 305 531 789
 410 872 390 986 915 131 701 350 787 118
 68 412 256 500 686 557 592 219 228 69
 547 247 854 683 198 260 653 982 141 67
 510 337 422 727 913 463 946 609 958 264
 361 383 816 145 269 694 789 494 578 594
 89 382 527 681 272 338 275 844 608 407
 925 825 168 619 480 556 951 494 350 950
 894 171 98 368 208 235 626 627 547 776
 259 31 77 583 336 979 884 290 268 912
 807 640 525 279 990 894 90 212 379 266
 919 100 997 118 620 562 666 914 242 854
 642 702 400 76 555 748 746 439 803 772
 940 157 306 499 87 423 149 520 914 924
 330 485 558 861 818 584 808 676 434 383
 681 264 324 813 748 67 957 132 722 9
 875 628 964 779 227 160 685 769 848 105
 231 865 568 163 84 894 538 464 761 935
 748 421 778 360 938 406 926 796 683 452
 868 499 581 230 734 53 941 26 167 947
 186 742 182 711 661 526 440 8 783 507
 206 737 814 905 113 490 215 947 899 226
 275 320 560 401 592 828 717 716 236 166
 151 827 173 355 210 924 492 216 38 125
 754 422 321 251 522 625 778 636 653 669
 883 526 536 9 726 967 64 984 344 39
 431 645 724 95 957 950 352 346 96 292
 819 261 568 193 514 89 57 664 506 744
 736 505 231 778 14 740 163 522 164 781
 4 209 309 109 176 767 846 338 796 97
 465 412 719 449 388 490 308 478 304 221
 954 866 893 346 847 636 322 577 583 218
 876 541 960 109 785 452 861 456 72 154
 543 878 912 760 409 599 229 39 488 610
 517 290 924 995 326 466 602 575 735 161
 892 63 570 108 84 783 540 361 306 678
 898 108 292 215 818 202 393 892 932 231
 625 307 473 721 78 304 317 694 872 179
 284 831 333 187 21 617 544 610 729 491
 190 246 944 760 870 482 704 398 598 410
 168 210 277 230 602 283 237 27 635 87
 94 220 924 281 457 548 908 291 628 252
 415 742 883 16 548 419 695 609 392 329
 796 69 492 499 984 465 588 795 455 259
 381 963 991 458 279 983 883 246 683 923
 28 831 991 712 510 873 607 286 954 622
 602 142 879 786 285 896 550 829 33 231
 749 594 47 105 81 810 369 547 377 680
 203 27 79 156 163 108 658 192 904 526
 77 544 887 490 138 553 484 980 810 144
 21 322 630 33 915 525 790 273 198 969
 415 756 863 163 612 820 177 662 955 315
 576 384 734 862 314 524 719 52 757 987
 824 725 674 81 323 528 515 456 12 674
 855 563 540 184 972 535 555 767 738 847
 427 114 652 0 801 707 18 21 684 483
 616 839 659 577 123 865 142 172 869 967
 658 807 168 852 66 219 626 641 637 819
 790 701 570 110 956 755 239 168 692 341
 770 862 577 680 445 316 599 74 822 750
 599 773 639 44 570 571 225 527 80 756
 814 838 412 29 646 250 323 247 641 136
 258 199 597 902 0 665 222 633 468 621
 413 149 982 173 806 126 253 375 573 498
 134 309 8 971 119 400 277 906 452 833
 288 484 698 886 408 223 896 13 521 373
 474 167 681 449 216 808 68 429 607 413
 991 935 326 796 812 526 536 685 590 642
 898 78 922 490 215 803 458 772 605 816
 181 999 326 636 915 282 282 349 468 130
 117 823 449 879 681 558 497 211 388 285
 361 555 464 646 213 83 582 962 780 342
 804 398 71 346 880 829 881 420 453 780
 328 622 325 60 489 849 15 13 784 718
 236 96 772 687 801 30 597 674 463 701
 20 359 540 779 8 127 637 715 199 41
 730 369 651 633 743 181 829 256 361 834
 462 502 401 257 788 495 250 964 546 580
 98 576 368 14 610 288 294 762 804 414
 315 713 710 794 36 37 745 772 570 482
 373 540 217 71 303 372 867 662 623 25
 944 517 998 44 19 298 965 399 881 322
 630 967 36 395 824 115 444 949 655 308
 255 163 716 143 359 924 179 863 407 836
 512 458 148 801 22 338 215 36 539 697
 946 135 813 989 487 988 353 121 243 91
 253 924 254 708 645 686 848 274 83 642
 797 521 231 904 528 395 938 359 7 778
 377 293 408 276 37 567 786 316 243 215
 842 207 905 576 766 928 480 397 920 808
 414 183 176 689 816 256 843 750 735 587
 824 115 472 121 985 894 919 667 633 777
 248 932 853 639 516 175 302 755 191 691
 116 289 494 923 694 116 381 677 880 887
 800 700 954 14 580 679 918 609 113 425
 242 252 588 818 954 509 626 335 27 908
 610 417 646 435 612 909 136 396 852 641
 278 932 441 668 965 402 893 412 2 838
 602 338 255 914 361 576 643 437 458 497
 858 557 453 842 110 214 303 988 500 188
 251 748 144 685 283 733 304 427 41 564
 134 534 276 969 22 14 545 357 845 257
 141 403 867 861 637 228 418 798 682 185
 189 8 337 955 645 978 197 408 627 635
 94 276 497 531 950 958 845 658 122 300
 427 985 433 958 339 908 67 846 849 574
 327 640 765 366 992 840 564 962 950 858
 646 507 809 688 834 619 136 593 392 484
 622 215 384 61 553 519 111 509 873 23
 794 594 627 380 389 357 396 971 163 505
 780 283 617 561 475 841 932 446 376 210
 326 259 873 505 526 312 390 932 384 430
 348 876 41 76 539 672 918 524 669 481
 732 755 328 378 532 564 9 956 399 389
 923 833 105 138 750 183 44 414 771 532
 810 344 415 858 971 63 795 530 192 509
 458 388 424 713 907 26 509 475 42 557
 566 567 786 881 867 286 64 724 885 465
 344 705 244 419 407 124 57 50 913 28
 985 819 26 285 210 131 600 70 48 586
 575 928 959 118 610 889 604 432 663 623
 632 367 901 149 847 361 766 631 814 995
 937 582 384 225 576 248 702 179 642 70
 742 335 134 951 478 923 382 889 532 110
 690 651 794 758 709 485 23 76 606 385
 440 161 239 682 222 487 879 125 856 427
 289 522 756 927 938 162 307 95 629 723
 979 453 660 251 568 991 853 859 914 549
 870 352 697 96 541 701 336 352 760 537
 837 932 359 260 883 560 770 101 508 377
 659 99 934 516 720 913 575 569 388 654
 439 790 200 245 94 257 735 656 548 452
 548 920 328 575 247 688 54 96 285 502
 847 86 647 411 355 936 206 431 587 800
 322 752 777 411 867 19 269 674 797 954
 809 669 841 43 814 947 575 56 482 353
 409 859 556 954 992 323 13 396 957 92
 529 631 70 372 356 706 699 540 321 808
 705 281 847 546 441 392 697 76 783 356
 795 273 842 679 619 680 935 959 15 373
 63 611 483 469 659 624 749 757 234 48
 488 788 474 740 718 599 386 138 603 365
 68 448 243 531 979 381 815 910 338 387
 825 131 177 100 134 473 281 7 109 420
 636 853 791 41 567 819 981 767 46 363
 457 813 537 353 741 9 766 133 757 224
 522 574 950 510 651 447 480 998 956 874
 947 289 231 101 104 884 861 390 270 86
 76 820 619 675 666 423 598 887 539 302
 757 483 413 921 921 699 910 385 353 610
 209 973 325 1 275 353 326 441 26 957
 934 197 314 706 187 156 507 844 184 227
 567 13 300 155 436 519 427 176 776 889
 37 263 901 704 359 195 66 187 787 942
 113 263 866 548 775 129 701 506 332 751
 736 214 768 199 991 404 737 863 98 444
 544 255 211 571 793 605 77 796 456 993
 73 83 126 972 315 433 264 174 398 347
 711 309 122 993 955 736 984 247 883 889
 457 829 566 178 822 339 648 814 771 655
 29 843 247 244 185 220 782 693 213 296
 772 588 872 89 650 139 134 44 874 517
 975 176 208 867 959 265 606 867 397 12
 768 332 306 578 665 897 655 774 917 272
 523 659 635 562 594 603 29 336 82 682
 578 913 286 555 559 533 735 943 553 946
 529 876 740 569 278 457 102 468 638 457
 470 917 809 467 438 950 380 647 864 925
 753 524 35 803 883 303 116 620 502 26
 135 745 392 802 554 812 494 792 102 728
 192 644 504 535 85 389 978 393 968 137
 844 403 825 515 747 876 531 264 451 321
 290 405 727 718 242 972 953 305 580 541
 848 848 127 493 476 367 211 468 510 908
 191 215 727 276 99 695 774 116 96 834
 884 427 432 418 357 49 412 267 437 391
 629 988 220 535 384 320 243 804 775 594
 751 238 357 503 535 205 639 627 446 702
 506 533 730 938 399 333 718 627 236 950
 109 228 751 368 130 98 666 721 154 826
 563 987 971 217 176 839 452 477 968 574
 602 997 782 822 552 88 570 74 651 117
 829 284 921 476 966 894 149 176 637 83
 75 876 790 652 610 412 642 436 359 949
 878 702 784 734 735 750 217 137 534 598
 817 582 477 457 468 398 603 113 746 215
 530 219 407 296 146 257 711 318 675 828
 371 444 269 657 375 892 596 971 792 462
 653 357 792 145 861 473 670 443 590 532
 17 784 527 847 139 866 749 972 130 706
 471 660 655 100 680 863 519 685 654 281
 274 931 368 181 293 36 369 770 881 147
 461 421 916 22 101 137 788 786 859 391
 160 726 75 372 402 327 821 914 325 905
 191 487 358 511 443 761 336 388 258 192
 432 866 543 499 645 652 215 928 684 40
 503 780 855 195 618 10 381 314 594 727
 386 960 646 151 125 634 585 800 173 201
 421 162 745 620 64 181 612 384 944 923
 855 239 477 687 568 939 804 454 37 320
 782 813 898 689 198 241 376 659 856 357
 148 994 367 766 714 220 596 783 519 132
 863 653 226 657 85 152 146 708 944 123
 731 532 334 958 650 933 711 17 96 195
 783 39 260 474 52 480 957 491 353 442
 138 465 950 623 482 144 307 798 540 575
 516 447 474 569 567 639 719 652 396 955
 235 919 180 644 862 284 642 109 366 786
 877 312 837 775 274 994 38 616 21 183
 287 36 20 185 800 463 928 165 740 255
 456 78 221 230 448 201 482 909 533 451
 494 331 524 609 3 319 634 871 620 586
 478 514 886 54 298 655 324 901 740 989
 744 332 452 0 185 404 288 469 562 197
 273 90 838 54 468 495 527 151 107 653
 83 884 878 30 211 141 723 231 561 272
 904 246 607 471 170 740 187 550 643 780
 903 982 970 516 544 477 351 824 342 34
 574 953 353 558 755 740 951 236 294 114
 888 799 913 20 196 422 280 596 370 793
 710 196 459 510 668 729 558 684 198 263
 17 312 474 547 691 947 350 958 916 14
 309 20 566 54 786 16 517 553 955 975
 834 252 272 520 927 756 104 575 643 269
 286 580 400 656 416 229 22 179 649 786
 434 856 526 524 388 64 72 12 87 840
 184 579 202 438 632 136 94 10 732 333
 448 600 560 87 195 732 558 475 780 727
 315 862 702 591 51 279 669 449 860 629
 787 966 890 109 782 581 639 107 680 911
 66 624 973 500 510 962 608 840 45 10
 710 60 841 983 184 260 61 910 799 537
 756 927 537 228 320 186 216 924 213 766
 689 181 274 437 828 181 790 775 351 59
 6 678 995 990 785 230 429 162 391 616
 961 66 443 124 66 502 484 104 138 676
 495 719 968 673 564 10 338 256 824 647
 838 446 525 276 799 540 980 470 436 934
 846 638 394 833 28 143 670 147 942 486
 18 519 583 875 179 819 629 567 485 237
 947 365 931 322 877 869 537 347 327 244
 489 965 684 730 508 580 133 329 653 763
 244 775 603 839 950 106 739 846 6 862
 480 412 759 426 780 253 814 824 926 319
 16 633 993 517 790 771 857 709 401 483
 980 495 181 893 26 538 661 448 926 223
 82 372 571 994 566 345 54 488 893 46
 217 996 796 870 366 687 924 286 741 86
 623 195 890 623 87 281 55 158 126 197
 464 743 106 282 534 824 448 715 528 290
 231 378 385 141 473 761 118 804 173 571
 320 347 277 204 229 393 309 600 344 918
 656 510 46 868 358 313 457 30 219 563
 451 592 329 813 623 623 497 790 606 922
 265 858 814 181 295 806 681 861 299 649
 797 479 274 982 43 785 405 155 359 19
 518 622 752 355 132 268 352 141 242 672
 115 131 36 547 0 660 960 616 549 855
 915 300 459 692 264 745 917 946 711 374
 891 134 741 724 633 528 647 54 670 893
 640 91 51 153 380 598 140 433 124 377
 196 92 670 904 113 105 403 552 327 903
 992 107 844 134 370 246 542 711 397 195
 539 800 995 516 537 378 539 61 829 402
 111 222 178 604 808 120 421 912 541 882
 182 948 986 231 177 610 718 278 719 916
 437 923 345 241 559 98 1 212 556 883
 175 850 197 189 811 741 755 773 894 25
 367 192 316 117 573 463 19 128 63 651
 402 813 493 454 748 395 277 56 898 573
 229 644 338 968 277 755 533 625 555 210
 984 797 360 678 176 69 132 240 338 821
 899 684 705 982 906 882 17 763 760 396
 791 741 381 539 7 113 975 253 463 764
 587 110 756 610 654 982 727 992 353 125
 435 745 904 748 456 871 835 911 887 728
 16 767 654 496 370 20 891 381 69 748
 922 774 657 445 968 873 832 396 725 471
 103 736 255 35 529 211 913 773 260 730
 911 63 337 467 276 362 923 254 996 438
 559 704 512 35 527 328 431 46 79 55
 329 138 328 450 388 127 109 180 114 715
 822 284 11 388 962 607 192 877 907 178
 553 665 544 528 399 177 826 918 863 783
 970 816 702 533 367 670 251 86 828 229
 991 529 750 166 885 863 676 669 24 17
 862 532 570 102 504 649 535 805 596 769
 351 52 279 932 250 413 411 374 867 40
 432 921 324 309 765 789 644 505 250 539
 850 148 197 447 342 555 482 482 299 378
 163 26 644 383 647 69 846 698 667 193
 800 118 530 20 646 485 125 566 970 323
 37 909 293 126 605 982 481 615 636 61
 313 354 404 426 215 436 6 749 527 965
 389 189 538 651 338 522 51 917 867 843
 217 660 614 741 311 319 526 675 772 431
 0 547 479 785 135 560 103 522 915 123
 706 809 793 868 706 984 854 972 983 662
 561 699 776 950 426 582 17 607 471 363
 853 836 54 362 973 334 960 89 41 38
 822 691 796 449 687 140 208 155 91 186
 874 984 897 470 352 75 978 255 485 368
 203 937 69 164 275 856 320 334 639 104
 764 700 590 642 791 889 881 992 186 990
 283 162 157 170 115 247 381 770 201 457
 723 801 27 894 277 954 61 827 16 467
 549 485 885 79 940 415 479 234 446 649
 83 602 182 91 888 864 934 899 74 98
 81 614 436 876 480 408 220 683 112 544
 712 54 914 808 925 150 361 316 889 818
 885 64 199 354 615 622 182 236 99 299
 870 536 783 633 644 166 771 656 837 981
 138 177 245 348 114 206 718 818 992 447
 782 147 984 225 0 749 119 4 14 518
 887 526 394 327 417 707 979 972 406 623
 266 162 900 656 715 672 662 493 894 67
 266 970 194 340 328 687 487 674 521 268
 137 112 549 305 342 359 652 468 718 772
 494 229 76 581 259 284 827 793 288 479
 334 630 521 1 789 616 967 274 221 744
 356 947 57 240 11 988 313 377 602 599
 751 827 222 737 947 463 538 663 876 535
 506 430 765 703 401 515 596 61 175 716
 375 869 111 98 619 200 813 725 485 810
 912 247 385 203 674 79 811 353 897 975
 199 610 582 607 134 102 807 697 181 284
 183 576 964 507 113 922 374 553 250 825
 134 326 944 627 561 88 736 312 354 480
 611 762 857 2 435 7 595 112 362 492
 287 912 242 841 228 736 214 718 441 689
 87 774 921 568 148 51 876 267 855 306
 644 59 157 714 11 44 460 320 217 634
 165 511 551 620 735 935 173 109 53 147
 517 124 259 721 761 675 492 891 683 857
 705 889 925 953 379 781 3 153 807 788
 513 570 475 467 493 517 150 957 747 848
 737 571 109 398 448 917 493 171 817 495
 875 169 145 844 208 874 278 965 804 277
 213 64 476 517 603 34 981 967 654 439
 406 688 113 731 188 137 647 830 542 94
 2 198 790 834 91 245 957 624 745 602
 977 578 765 703 415 695 246 573 131 569
 288 483 915 119 407 756 460 980 683 539
 601 390 290 681 806 863 431 574 187 714
 220 992 843 534 257 63 506 688 71 607
 525 590 168 321 584 831 362 38 872 717
 470 335 346 108 212 139 206 76 584 891
 948 248 732 641 858 570 106 315 758 678
 18 50 758 74 244 480 168 879 869 28
 995 868 82 399 433 380 789 899 843 555
 635 602 106 349 70 951 368 528 784 726
 294 49 935 877 727 424 338 117 931 768
 872 923 717 754 947 602 915 806 591 182
 262 663 682 740 273 117 662 349 317 476
 694 141 113 630 322 618 65 412 525 738
 709 938 7 707 621 946 858 342 999 890
 217 121 715 501 549 97 80 590 586 302
 730 246 303 698 241 141 260 691 417 373
 297 328 721 622 115 104 405 639 156 487
 262 52 209 438 601 272 128 882 942 230
 204 962 59 148 929 279 588 819 170 101
 239 236 52 245 132 400 317 400 918 896
 946 331 22 996 510 798 16 731 842 335
 504 848 783 967 797 952 36 125 314 475
 399 465 43 143 520 989 202 497 857 379
 689 489 554 338 614 235 100 389 203 22
 168 528 461 839 575 962 223 575 323 978
 810 899 893 914 893 428 206 866 587 249
 191 872 91 166 688 926 693 749 870 4
 475 516 725 888 508 457 735 856 827 767
 86 255 471 2 482 521 673 463 708 894
 266 729 278 727 323 556 441 531 40 834
 288 927 467 429 652 896 977 850 921 498
 620 107 424 989 439 519 686 942 203 780
 14 776 112 320 622 911 935 374 801 817
 893 167 914 401 755 922 831 716 630 922
 94 105 237 974 456 707 542 485 417 435
 465 230 727 886 250 133 175 947 899 210
 495 589 347 194 49 53 476 120 403 0
 602 869 147 878 509 687 851 651 211 771
 244 298 310 771 563 718 510 561 691 26
 592 10 774 16 179 798 420 910 896 381
 971 82 876 354 79 242 649 768 628 661
 760 675 795 965 951 626 867 327 563 174
 608 203 843 268 391 85 563 339 444 789
 108 547 742 397 914 414 542 588 12 363
 706 170 639 697 438 969 235 180 323 556
 290 690 130 427 457 462 173 126 976 310
 943 952 963 937 6 138 25 84 350 66
 857 681 119 159 537 888 750 761 722 417
 734 570 135 716 242 450 967 178 743 211
 636 262 825 765 28 337 640 370 680 696
 269 89 105 914 850 24 727 760 668 524
 710 544 399 738 35 594 554 915 354 756
 844 981 905 372 484 269 612 231 622 455
 286 444 3 43 161 413 61 276 415 803
 95 331 781 886 173 791 42 109 359 44
 625 331 436 448 373 710 870 523 766 884
 110 464 900 173 669 53 669 19 632 427
 709 336 626 768 769 955 431 28 997 50
 221 177 582 246 53 131 750 453 628 110
 611 25 313 385 473 432 144 363 417 806
 240 698 604 29 676 668 125 756 167 261
 477 947 51 940 61 498 549 630 329 646
 901 204 561 978 667 836 39 870 812 941
 615 838 663 861 909 215 545 914 190 528
 734 515 51 973 291 409 437 220 697 255
 313 69 857 287 94 647 782 254 173 321
 365 654 398 314 955 227 215 574 287 83
 386 521 734 377 537 51 314 278 499 234
 711 585 56 764 518 215 817 811 694 739
 968 567 921 409 323 970 841 743 336 961
 485 417 70 913 985 208 378 465 823 250
 788 202 401 428 736 626 108 535 305 910
 234 724 73 627 659 219 12 870 594 741
 172 402 261 271 951 157 851 846 463 611
 494 818 136 750 826 998 633 812 82 928
 283 654 572 805 953 899 974 958 568 29
 104 797 609 639 886 433 334 811 686 714
 575 803 47 435 33 837 201 592 277 810
 308 642 167 540 272 682 711 213 206 786
 694 193 60 532 981 247 201 417 333 685
 947 564 80 175 976 243 563 207 34 408
 461 531 489 709 227 959 765 210 741 161
 299 331 514 480 888 659 246 587 672 173
 165 666 251 468 209 440 547 481 93 375
 663 653 0 648 446 911 918 144 706 999
 494 17 932 814 676 816 872 21 224 672
 291 901 566 439 488 173 862 393 791 524
 555 861 396 272 785 65 570 110 961 249
 482 277 276 183 504 42 512 501 714 552
 792 387 835 411 341 310 785 467 455 536
 477 733 487 799 543 863 954 978 992 376
 458 576 485 777 392 271 17 199 645 588
 943 576 599 562 444 22 650 665 70 206
 398 544 450 345 128 45 757 330 712 615
 684 391 254 998 558 144 646 536 96 202
 92 398 589 132 92 944 232 288 358 302
 277 156 283 332 753 649 694 471 706 555
 158 125 137 755 920 619 304 281 661 364
 131 329 381 975 204 799 294 844 455 577
 262 921 355 577 358 196 70 35 176 221
 793 813 77 709 101 988 796 475 121 842
 938 954 150 902 388 797 646 586 361 183
 642 456 421 326 367 533 711 437 417 733
 848 600 755 18 602 194 343 150 862 889
 231 230 573 639 923 414 142 465 105 757
 217 408 953 934 49 392 440 625 438 190
 839 611 104 552 267 46 572 132 267 898
 424 645 968 568 575 426 591 292 451 301
 772 118 964 114 753 672 156 262 134 238
 881 410 198 576 429 374 337 977 286 750
 623 240 855 274 644 364 591 660 304 851
 399 777 382 281 718 907 579 242 130 347
 141 186 597 293 600 551 815 292 567 77
 865 619 422 274 315 406 561 403 527 764
 228 241 316 710 801 69 498 210 393 410
 859 204 291 94 120 339 342 582 292 454
 271 66 231 99 920 826 575 179 815 953
 975 511 707 443 978 896 468 292 895 500
 79 905 901 252 751 77 521 65 455 516
 483 655 200 787 173 626 918 469 484 118
 32 152 214 653 576 184 843 825 455 698
 163 761 417 259 899 837 800 35 483 139
 780 641 650 652 839 497 807 826 863 950
 653 802 5 433 527 176 825 188 745 120
 498 30 528 616 146 466 474 463 121 105
 452 43 634 173 62 573 260 332 357 872
 476 103 4 604 676 878 171 162 742 312
 498 117 839 575 177 669 421 269 428 231
 963 128 252 310 938 999 328 306 38 757
 275 502 247 327 85 952 30 370 621 383
 745 147 619 895 43 699 27 68 311 925
 3 365 958 216 734 108 80 782 274 619
 497 727 159 159 399 216 613 117 485 333
 948 83 660 97 821 1 921 387 182 967
 637 198 563 451 59 275 799 748 408 992
 112 854 58 863 318 271 738 495 271 398
 162 24 194 963 898 271 339 990 548 469
 250 867 440 470 224 277 474 95 954 548
 325 317 368 576 617 891 548 724 523 302
 512 362 23 21 335 761 109 235 783 842
 143 603 755 530 866 596 370 620 821 219
 289 499 847 331 605 492 537 361 992 649
 127 21 760 121 68 567 38 875 154 17
 591 494 476 807 287 208 791 997 639 446
 535 869 37 841 393 652 594 255 810 330
 723 19 780 532 295 644 810 300 369 716
 199 723 545 353 892 661 782 266 165 497
 961 298 662 248 183 585 779 879 347 965
 251 352 897 657 424 147 552 815 720 70
 99 942 392 678 343 930 512 286 929 765
 829 221 962 25 623 547 427 739 805 728
 235 902 5 207 791 22 379 292 328 230
 553 495 584 467 641 398 383 757 323 195
 522 27 530 287 58 670 24 414 805 990
 312 553 35 236 491 353 799 688 395 544
 554 974 796 879 307 883 98 976 329 555
 353 10 5 824 498 620 464 225 208 19
 339 903 716 400 280 409 798 70 471 54
 288 100 782 807 810 347 797 573 292 834
 383 945 45 249 977 692 939 22 810 563
 182 427 492 555 461 363 845 181 326 819
 343 784 350 307 404 169 561 704 63 233
 712 731 904 632 687 586 504 459 656 116
 860 806 381 914 816 506 626 43 703 595
 639 6 883 281 510 590 46 420 493 992
 417 889 844 647 563 143 353 329 433 698
 99 765 888 340 800 422 706 577 524 48
 951 132 104 207 163 932 141 638 494 520
 482 134 744 663 249 269 318 90 364 352
 450 516 70 578 902 627 302 978 55 59
 86 754 452 830 718 769 677 889 401 451
 120 249 514 59 806 401 148 900 752 399
 427 402 543 14 87 872 152 857 344 532
 63 803 786 312 53 848 907 709 195 942
 78 658 441 773 303 863 298 611 821 587
 772 793 95 936 340 510 68 17 403 258
 412 303 38 874 990 958 272 467 317 399
 730 95 530 87 60 88 203 898 951 104
 884 220 517 477 362 237 848 223 249 342
 47 555 94 136 427 625 197 97 951 933
 712 497 12 955 541 396 568 139 592 118
 683 338 372 437 611 329 413 799 611 381
 567 320 997 956 774 74 86 828 788 86
 903 564 673 91 864 64 121 642 43 807
 206 230 286 710 256 29 940 209 255 601
 864 991 412 582 718 795 76 745 503 346
 258 652 663 192 600 533 0 937 664 477
 739 969 375 47 962 777 956 395 786 61
 480 591 808 525 788 147 507 317 599 780
 971 795 366 633 876 759 514 554 142 860
 539 196 701 229 689 228 569 229 762 689
 542 96 958 223 101 979 811 302 604 783
 212 180 224 730 520 18 394 27 322 276
 240 805 796 526 75 656 174 331 437 889
 423 103 985 632 703 80 939 46 430 421
 786 475 284 62 914 724 644 885 179 333
 124 12 686 22 914 316 627 391 832 505
 640 754 239 699 37 487 123 319 370 25
 431 969 799 772 776 718 506 654 608 125
 822 101 342 936 189 616 232 661 358 138
 865 252 619 563 454 16 245 594 839 312
 164 969 404 650 268 536 213 64 732 171
 938 508 768 849 890 890 792 617 615 390
 161 912 407 575 194 765 193 475 363 757
 577 145 83 443 889 668 574 421 401 412
 818 456 102 240 722 12 801 196 23 71
 469 244 769 519 836 994 434 772 481 904
 539 71 746 765 191 944 438 406 515 935
 595 915 871 488 973 710 502 98 87 486
 305 471 377 376 192 265 266 793 335 633
 49 365 231 385 974 539 89 452 862 12
 224 602 643 75 421 972 245 280 440 191
 0 55 159 135 64 368 271 997 551 253
 172 975 60 664 371 368 934 743 798 283
 804 266 628 380 639 820 220 768 457 928
 594 902 836 883 561 177 831 656 118 792
 259 5 400 410 172 787 731 241 864 312
 162 675 763 572 401 571 446 40 794 684
 784 152 176 275 843 457 182 857 719 890
 145 431 735 871 24 674 435 414 34 0
 966 735 848 317 928 840 306 225 588 635
 626 115 235 928 954 101 250 976 284 905
 771 565 644 444 687 970 830 829 61 88
 154 811 523 888 714 815 643 698 433 526
 763 433 124 37 374 797 729 209 22 117
 230 670 627 148 127 55 140 812 479 401
 970 149 37 349 982 804 743 145 977 849
 246 28 670 446 538 2 602 914 608 685
 749 567 50 922 255 145 980 692 153 823
 207 605 269 56 573 333 967 400 397 925
 267 586 934 798 241 702 651 400 113 173
 369 112 522 292 8 982 16 328 505 97
 0 991 500 447 504 939 518 294 434 279
 159 641 252 596 91 522 868 388 376 693
 728 525 237 457 859 521 569 781 483 806
 69 50 894 419 813 178 658 253 363 612
 632 677 931 234 679 341 110 229 197 783
 175 805 603 395 540 989 226 470 441 544
 836 143 557 150 256 474 546 825 651 230
 319 420 913 76 891 659 545 337 23 413
 883 498 27 599 489 579 483 194 315 431
 812 624 735 286 848 183 16 480 116 80
 108 959 425 629 292 377 132 375 526 810
 723 949 789 45 587 124 633 648 828 210
 865 166 444 266 195 406 8 637 852 157
 223 576 111 225 742 443 966 968 568 949
 807 982 231 17 925 622 771 138 334 834
 313 20 122 535 810 327 783 497 314 509
 235 854 685 607 503 873 710 523 268 379
 34 968 968 946 7 102 521 950 337 264
 620 874 659 261 148 93 34 182 954 555
 369 878 586 714 595 747 773 456 447 635
 426 516 158 988 683 972 386 364 313 689
 45 369 129 138 386 69 905 332 215 419
 131 389 678 920 462 203 286 392 198 308
 626 109 18 269 882 400 665 701 34 453
 445 761 563 317 762 955 985 563 946 642
 346 784 570 445 79 189 397 226 47 93
 304 265 894 999 305 245 239 588 465 72
 301 72 984 443 369 768 997 997 725 58
 19 806 601 483 585 366 906 812 879 442
 847 73 77 965 38 240 96 188 245 474
 671 204 929 945 399 231 900 898 54 712
 5 423 974 870 166 579 759 160 871 888
 327 225 53 40 620 353 743 416 641 536
 216 928 492 191 664 699 199 272 67 697
 761 567 215 776 291 603 246 458 237 777
 942 105 356 335 268 13 205 294 99 787
 837 824 640 977 706 339 34 563 258 124
 201 257 460 789 788 374 49 916 645 368
 171 452 685 648 228 185 872 65 137 958
 360 423 358 6 817 546 676 636 515 828
 420 840 329 559 504 880 780 456 611 809
 953 798 128 370 662 573 481 592 203 300
 338 667 417 492 398 752 29 970 384 493
 53 670 94 475 390 391 691 516 500 524
 700 949 480 553 181 905 624 353 49 52
 473 782 521 255 245 356 819 112 852 42
 687 555 76 377 691 987 985 280 428 308
 407 251 145 934 203 387 462 900 82 469
 223 48 820 85 93 485 156 60 576 523
 901 526 878 271 546 794 345 110 818 630
 859 681 7 778 471 990 459 360 413 524
 528 29 127 345 897 684 111 519 958 544
 243 403 776 843 826 813 577 734 51 335
 367 193 332 293 361 130 442 90 726 650
 606 984 479 882 166 594 486 408 554 552
 402 758 296 492 883 511 934 516 805 43
 262 206 643 410 611 36 134 170 961 495
 566 604 802 387 407 418 600 675 513 526
 479 651 53 912 117 278 437 506 44 165
 833 25 800 807 395 993 218 527 64 292
 519 718 213 228 531 637 408 415 971 966
 817 608 589 216 202 882 622 726 688 471
 836 96 156 455 996 308 518 698 52 717
 615 26 131 9 188 9 673 745 626 875
 713 158 191 633 531 583 951 186 971 308
 360 151 775 271 966 8 149 451 282 116
 633 887 88 942 683 429 451 804 53 108
 431 436 671 873 970 652 567 909 473 236
 118 876 912 745 388 448 311 598 242 428
 147 131 407 752 912 737 831 265 857 483
 187 659 9 325 459 358 742 58 655 933
 200 325 245 593 478 846 587 671 654 723
 325 339 172 963 54 227 798 318 633 757
 754 704 27 940 293 494 301 149 629 226
 861 741 666 882 249 714 791 276 184 31
 435 375 70 274 381 910 523 88 971 451
 582 346 913 787 269 517 240 629 516 111
 934 64 418 72 238 105 772 943 530 771
 522 241 714 503 801 822 901 779 218 86
 808 594 279 839 296 512 335 536 948 600
 136 927 623 81 610 521 200 842 552 202
 761 527 422 545 169 180 386 540 995 89
 827 53 131 602 769 381 733 306 607 406
 559 617 948 564 456 727 577 70 944 487
 540 508 499 142 776 659 555 444 960 623
 21 408 505 354 722 254 62 532 742 541
 506 865 60 697 168 916 113 6 158 423
 409 136 607 192 618 889 26 469 706 265
 53 861 309 731 55 257 718 638 662 281
 792 371 65 153 865 55 828 296 182 473
 513 876 911 58 212 812 312 723 609 310
 292 140 28 741 334 674 702 834 642 8
 55 869 662 963 743 743 195 199 865 701
 127 662 13 720 246 548 210 636 487 639
 953 738 341 548 530 344 702 70 702 477
 404 389 615 408 198 33 799 201 21 829
 716 523 430 295 240 738 728 108 667 960
 212 236 806 704 14 433 942 933 9 818
 86 903 240 311 924 274 456 752 503 616
 796 57 324 802 322 130 954 776 323 815
 552 867 477 17 771 71 886 436 749 243
 208 377 1 699 608 737 369 327 192 17
 734 690 973 906 816 743 834 398 236 988
 698 982 357 53 409 722 844 491 327 300
 687 785 671 998 961 143 399 602 798 835
 630 564 787 229 50 603 523 622 212 391
 458 617 555 630 145 179 858 353 592 654
 42 124 901 898 280 803 315 74 291 983
 971 776 246 302 305 584 982 401 458 7
 149 617 945 314 609 630 61 600 398 463
 982 308 857 872 417 431 849 582 638 525
 64 253 351 871 587 265 627 282 552 258
 168 26 682 818 773 290 304 154 221 965
 273 632 98 10 347 452 990 788 652 484
 840 426 494 842 628 539 229 494 521 501
 478 276 508 858 722 626 808 317 360 363
 397 615 201 974 593 985 167 877 321 156
 490 674 263 304 317 275 333 200 788 260
 149 94 940 395 96 509 685 304 985 400
 840 691 792 316 333 195 323 883 339 591
 441 699 648 490 141 535 158 791 614 46
 543 273 204 356 756 791 726 869 869 551
 342 912 44 550 640 759 969 887 884 713
 553 907 369 83 267 982 228 301 313 733
 448 532 99 419 829 426 387 945 977 92
 840 450 321 659 542 299 668 950 15 809
 45 280 62 291 613 125 568 552 967 445
 878 954 150 838 505 225 416 414 38 369
 896 84 407 76 664 159 491 803 818 320
 934 160 715 453 910 142 617 175 71 696
 447 940 784 251 531 787 992 0 143 775
 627 83 152 125 907 321 507 223 25 53
 582 322 373 372 880 56 698 504 365 20
 345 680 940 763 808 416 395 720 906 327
 175 287 670 115 854 493 855 93 380 223
 146 472 770 878 149 191 53 601 552 671
 892 410 32 794 30 101 570 18 41 470
 156 773 893 427 469 600 171 866 815 581
 717 54 923 270 769 916 335 553 232 926
 543 561 329 948 889 842 979 803 596 604
 214 497 52 195 484 313 862 676 629 714
 593 633 801 801 488 410 890 909 690 634
 757 837 953 688 725 852 288 329 119 604
 47 378 154 173 207 499 491 238 954 405
 117 879 58 857 832 188 956 639 646 752
 510 696 70 521 394 745 868 61 750 225
 810 94 602 306 980 315 666 527 775 681
 863 884 144 298 264 46 313 37 365 403
 328 439 755 417 256 391 140 224 805 293
 57 572 765 831 420 65 854 983 509 376
 628 891 966 315 650 960 167 382 290 980
 85 718 272 541 846 610 411 972 827 859
 175 203 524 125 682 32 736 447 563 422
 780 553 234 91 48 676 667 685 205 186
 421 669 418 838 861 570 592 601 950 590
 910 711 343 602 161 863 365 111 984 971
 129 538 918 97 545 778 572 107 258 380
 522 508 143 623 818 181 549 368 74 639
 635 628 836 973 314 438 770 965 878 457
 190 402 404 737 552 523 37 275 512 274
 272 956 279 906 141 241 521 509 208 334
 527 715 607 196 111 751 767 247 222 171
 472 515 337 722 54 702 235 196 505 628
 40 222 362 88 931 831 408 496 224 307
 330 952 245 355 37 978 896 197 595 504
 641 293 284 77 574 42 542 400 774 917
 513 368 355 333 593 15 355 427 805 934
 835 775 612 939 380 878 252 537 949 150
 640 520 364 733 32 788 581 952 571 564
 353 316 624 735 451 169 284 43 24 749
 730 150 54 91 45 297 397 743 277 403
 486 992 32 287 464 367 586 520 603 296
 772 676 89 209 656 902 5 327 466 284
 90 456 680 456 347 669 720 695 443 238
 955 656 332 655 55 507 701 411 7 384
 958 966 159 234 529 805 721 449 899 9
 139 260 661 249 22 90 164 204 95 286
 799 418 543 857 161 207 349 879 864 749
 792 594 173 692 590 720 617 931 385 74
 101 535 715 441 242 60 378 40 845 79
 333 150 43 941 180 582 709 885 732 879
 95 30 66 746 376 54 1 31 180 759
 905 460 42 462 412 840 3 626 298 101
 499 730 353 126 861 645 67 637 438 724
 822 214 636 692 692 766 105 754 177 382
 617 991 527 185 895 595 582 21 317 935
 336 388 644 279 21 893 853 682 981 591
 452 59 400 819 763 487 663 702 770 365
 914 328 146 538 399 822 576 858 824 253
 137 16 740 630 9 372 992 146 554 154
 800 908 625 788 712 117 588 187 720 800
 165 331 326 309 954 153 809 494 281 599
 770 352 551 406 517 993 149 865 758 720
 556 578 544 866 115 673 587 396 548 431
 17 914 567 602 309 685 22 307 657 904
 201 867 386 376 784 48 212 340 108 361
 550 494 205 81 568 759 990 350 447 992
 4 445 893 750 197 923 372 218 995 220
 534 843 318 111 822 540 555 799 547 274
 129 621 85 860 591 87 541 894 893 352
 132 370 433 146 219 739 264 442 238 939
 6 930 174 974 299 747 244 98 650 44
 899 694 195 105 774 925 122 478 919 563
 497 228 731 94 262 463 951 469 609 172
 280 717 20 578 176 586 826 910 737 979
 97 432 238 84 553 274 621 280 638 415
 857 616 129 265 810 296 820 854 614 833
 470 394 995 977 802 553 505 847 738 754
 603 332 154 538 313 690 705 624 699 90
 925 272 624 541 801 34 935 437 139 629
 760 401 913 190 843 381 525 446 104 666
 825 732 332 435 143 997 38 102 994 935
 362 389 689 765 465 969 0 295 726 633
 770 556 925 962 971 675 142 289 46 795
 889 152 595 681 166 324 487 392 809 666
 52 794 766 572 751 566 376 264 730 775
 332 614 0 879 737 352 751 320 756 205
 614 551 903 389 212 456 747 342 496 498
 832 85 651 144 841 605 916 785 911 399
 255 179 76 754 132 337 288 745 361 145
 400 17 885 842 194 883 534 63 695 793
 993 115 285 506 204 836 582 797 685 768
 320 44 359 626 509 468 519 827 576 922
 480 473 248 116 732 809 317 622 413 863
 769 786 695 365 607 900 478 240 173 667
 645 965 243 504 375 394 12 336 440 24
 932 521 271 60 710 958 76 466 441 635
 221 542 882 85 570 704 2 870 924 308
 530 255 303 694 639 79 372 256 978 106
 777 772 841 120 888 256 19 994 136 218
 249 719 465 633 26 559 901 6 352 839
 425 955 537 514 238 631 473 885 821 767
 153 572 459 172 964 600 435 780 803 88
 875 920 17 618 272 7 747 550 180 500
 629 303 841 553 181 330 514 159 381 660
 131 599 40 550 435 826 477 861 477 283
 410 725 158 934 280 181 667 204 651 720
 774 643 232 256 762 341 249 985 715 307
 781 986 789 83 788 949 617 440 684 833
 61 42 101 399 887 841 643 897 132 148
 476 687 356 502 385 873 910 353 454 492
 423 285 163 88 532 329 10 389 475 911
 723 108 378 313 340 955 100 217 62 477
 607 136 155 222 325 202 581 673 285 653
 528 49 127 897 61 732 545 717 904 91
 492 103 482 951 578 829 2 952 144 445
 330 135 697 206 578 210 51 396 584 279
 932 299 14 564 897 822 816 660 684 583
 668 724 520 958 362 894 236 512 75 153
 624 749 934 747 111 545 50 131 611 57
 405 977 375 552 684 963 835 186 383 49
 91 869 533 792 91 415 111 672 593 520
 39 535 621 183 809 860 364 575 621 873
 90 944 974 980 23 669 449 456 369 228
 830 369 731 940 784 410 479 366 145 546
 783 27 430 619 722 393 331 605 710 71
 900 119 220 192 911 702 534 919 290 723
 443 617 703 21 895 758 462 965 664 158
 837 725 650 624 499 308 115 771 0 262
 918 454 25 781 362 783 496 966 843 966
 735 628 377 839 810 206 853 566 900 431
 173 256 630 730 637 821 541 327 134 130
 319 393 70 427 15 191 375 198 687 204
 543 219 50 242 808 290 372 692 93 456
 844 237 495 915 286 880 498 600 713 173
 324 748 956 653 286 890 543 518 480 544
 391 550 359 45 871 420 227 33 713 473
 612 91 223 707 696 726 451 471 730 378
 744 577 275 271 965 436 743 794 71 952
 852 375 461 345 10 302 948 479 886 133
 315 142 906 566 116 402 342 674 657 961
 889 551 699 612 222 255 200 146 776 362
 745 87 287 210 605 499 769 644 787 558
 487 722 477 434 475 662 87 164 353 476
 315 6 597 537 476 115 249 979 193 827
 915 797 306 484 840 733 25 35 124 782
 514 108 853 136 136 995 565 200 112 858
 800 5 899 148 39 339 683 506 945 685
 248