500
 23 160 291 334 235 70 395 178 167 117
 411 19 344 319 245 2 458 327 480 67
 398 4 178 97 54 332 488 139 216 229
 335 339 71 141 138 167 223 306 133 210
 342 81 25 355 220 279 23 252 1 93
 484 102 258 209 111 23 352 333 190 214
 362 422 486 95 402 262 73 39 496 16
 160 177 378 359 125 280 302 69 142 335
 490 227 309 372 407 370 25 64 17 394
 355 334 451 326 317 495 483 281 92 31
 43 353 212 264 198 212 219 198 209 262
 294 37 417 380 249 202 169 464 358 322
 214 307 390 68 312 224 405 118 452 325
 399 438 247 294 343 418 305 265 293 173
 255 163 319 416 443 136 293 480 110 438
 16 332 410 325 445 76 443 11 176 118
 81 55 486 106 159 179 107 137 289 269
 220 336 335 114 103 377 328 11 152 335
 66 169 419 368 128 13 415 115 77 302
 447 134 34 205 353 398 346 175 462 63
 142 215 172 72 237 353 255 346 484 467
 478 115 408 140 258 55 106 111 82 21
 75 85 150 58 0 156 146 62 188 158
 217 470 142 144 267 330 121 36 90 243
 172 318 483 248 444 121 361 155 243 186
 78 265 308 227 272 330 135 357 39 466
 14 298 481 449 474 73 192 346 374 207
 124 280 41 242 331 200 334 372 473 343
 418 97 53 150 86 108 302 70 228 434
 403 87 464 383 230 442 309 151 8 299
 338 263 122 331 168 253 20 53 396 341
 99 59 441 200 16 92 156 414 297 10
 20 180 194 474 93 188 32 452 448 97
 204 258 362 401 452 264 13 78 341 157
 236 151 490 237 353 107 187 283 443 146
 486 164 191 213 404 421 477 240 20 22
 498 462 177 450 101 144 424 140 486 182
 378 102 486 436 439 388 344 463 250 450
 272 323 50 465 235 8 407 341 240 312
 266 141 399 350 461 268 304 339 82 207
 21 407 340 495 189 37 32 234 448 210
 276 107 140 153 4 31 397 247 437 239
 144 371 118 349 328 142 238 159 134 397
 337 248 64 347 177 310 238 348 64 211
 249 101 179 252 43 273 52 97 26 387
 113 165 65 356 156 300 121 260 94 487
 322 10 421 325 293 246 420 88 409 338
 158 445 324 351 20 304 247 446 206 447
 146 445 280 338 254 154 495 103 85 114
 140 329 477 187 67 473 406 374 176 205
 351
 199 450 316 1 465 878 12 257 957 904
 451 208 879 893 984 668 523 322 657 607
 930 725 190 21 379 840 191 396 953 220
 924 637 165 306 551 91 776 472 1 0
 463 587 500 92 865 44 832 71 164 992
 43 716 369 994 668 794 634 549 298 193
 548 470 916 721 750 630 797 287 776 71
 274 522 316 851 353 654 858 567 292 287
 106 891 225 951 28 478 956 959 997 446
 919 927 152 344 497 43 487 52 747 604
 3 449 782 215 585 183 698 526 746 262
 574 863 73 656 805 640 869 479 20 426
 349 892 35 638 921 567 687 147 283 897
 66 788 588 14 979 351 117 723 517 850
 788 931 379 101 861 617 862 891 941 824
 349 583 452 990 39 222 181 542 554 704
 33 633 599 674 624 857 404 463 969 192
 273 643 995 690 176 969 887 111 933 777
 309 830 544 766 4 699 635 682 320 861
 406 164 575 458 633 758 608 501 867 785
 545 940 49 708 178 400 988 849 710 384
 470 484 348 630 254 345 53 208 745 983
 211 247 535 398 147 381 50 547 216 193
 248 690 447 110 391 348 616 405 266 774
 916 354 170 210 321 127 518 822 427 182
 645 551 131 388 522 141 278 548 976 837
 113 352 797 297 944 539 813 585 103 960
 172 186 596 746 698 139 519 292 340 476
 847 311 190 626 340 568 796 630 637 512
 569 5 380 879 205 786 378 885 46 831
 950 384 425 534 990 16 967 495 706 748
 787 604 354 340 80 584 42 182 24 939
 358 639 190 981 949 398 327 132 278 84
 116 325 189 841 809 329 942 157 615 52
 237 405 196 465 993 718 711 68 991 213
 462 112 71 163 112 254 93 79 839 580
 284 339 152 411 975 27 449 145 339 804
 187 964 214 93 746 846 505 210 934 39
 823 300 532 760 413 31 309 936 377 993
 484 840 937 224 152 74 6 770 530 149
 457 800 745 918 983 254 296 986 514 895
 492 451 204 407 42 758 445 341 477 462
 302 702 371 987 459 160 666 706 909 28
 852 822 746 653 270 166 943 504 372 785
 182 800 89 244 18 433 732 610 125 892
 228 758 602 807 130 985 808 303 335 70
 83 650 998 571 962 359 44 586 704 710
 24 820 841 312 24 323 411 260 962 725
 510 824 911 332 24 57 757 526 932 144
 559 818 249 35 790 808 148 355 409 191
 495