250
 28 287 4 325 427 1 489 385 342 245
 266 238 221 289 314 198 178 95 378 414
 412 352 399 386 168 267 379 263 145 201
 178 466 211 1 141 125 14 112 260 145
 141 172 336 150 315 154 286 53 372 372
 243 112 444 251 486 411 385 68 324 385
 115 302 420 233 288 497 2 310 284 41
 14 461 171 408 262 136 401 412 245 461
 193 214 204 242 129 248 41 471 307 224
 86 95 319 42 16 2 392 293 271 365
 316 281 344 39 199 17 188 345 257 418
 209 18 347 277 419 150 194 473 130 439
 281 323 98 487 349 181 378 243 261 332
 466 283 463 397 326 67 468 244 460 481
 165 85 337 7 279 262 93 394 183 435
 482 305 450 421 191 189 90 153 461 440
 84 168 281 497 140 52 307 477 293 45
 254 215 23 429 72 87 59 169 337 64
 215 201 65 264 327 145 158 287 240 404
 219 127 416 52 330 454 397 37 241 454
 54 222 335 149 124 67 48 484 16 149
 168 377 218 108 369 326 250 132 13 424
 410 451 249 175 155 463 226 294 412 280
 469 479 466 105 232 292 39 223 102 311
 298 212 112 255 138 206 465 456 496 461
 472
 559 374 431 759 761 753 345 860 604 325
 543 680 78 621 803 22 840 74 394 245
 302 502 438 274 662 478 525 639 146 905
 574 589 492 838 809 189 246 645 800 500
 408 982 145 327 962 878 237 802 814 526
 628 517 214 486 959 935 44 752 900 643
 310 205 660 161 252 249 304 474 755 992
 462 462 401 186 913 65 237 70 321 550
 829 677 642 547 169 464 698 533 331 618
 6 717 720 538 758 2 777 871 136 136
 161 173 17 977 643 716 44 627 782 144
 940 457 46 496 884 595 538 562 180 595
 978 97 999 309 511 998 636 752 866 829
 599 649 185 7 784 810 437 597 267 474
 931 345 447 372 734 33 931 513 989 255
 465 9 431 944 418 590 332 567 723 850
 756 828 843 220 864 370 454 137 536 833
 1 640 80 391 245 101 481 939 464 639
 774 601 88 572 941 853 962 821 804 631
 611 495 558 951 203 244 316 481 241 939
 934 228 0 894 928 743 491 125 427 810
 820 800 916 641 756 503 371 889 770 897
 481 201 506 273 314 568 386 332 443 136
 725 255 754 242 380 52 635 491 835 130
 539 350 607 273 973 362 498 420 767 126
 811