250
 217 273 67 363 11 444 302 323 192 157
 163 189 364 112 10 178 187 13 73 218
 392 460 207 470 441 9 200 51 246 309
 146 430 180 19 291 22 240 204 330 234
 90 0 376 50 310 84 252 165 475 477
 171 188 126 101 411 18 8 245 110 115
 470 279 420 98 43 354 423 269 470 283
 142 486 1 27 459 256 442 261 370 187
 61 453 246 290 455 263 469 105 341 400
 77 86 132 163 224 374 222 64 59 477
 468 438 285 367 213 142 498 141 135 467
 74 95 132 474 291 204 200 489 175 229
 88 289 40 483 139 364 49 93 280 185
 322 193 194 106 200 64 177 490 96 169
 182 211 193 311 333 57 30 443 54 369
 400 127 495 219 442 241 47 390 204 277
 236 74 479 384 204 390 33 245 87 55
 429 460 65 140 358 23 185 199 88 390
 326 145 426 398 70 315 389 464 53 263
 267 219 415 489 375 58 258 255 433 382
 293 99 104 233 471 314 2 258 57 208
 267 74 100 34 143 140 286 424 136 235
 198 198 95 39 308 230 336 104 80 455
 237 411 1 362 383 35 219 80 69 491
 104 163 486 153 379 392 448 349 62 479
 305
 667 383 688 438 82 382 552 94 449 316
 490 16 278 379 194 529 909 847 11 468
 825 390 500 654 775 50 689 552 726 830
 767 297 131 563 821 148 560 37 745 587
 476 994 775 865 619 518 232 635 740 54
 515 34 148 743 378 762 560 815 504 964
 856 548 888 92 577 856 921 205 177 844
 580 970 714 23 40 790 624 392 379 459
 729 112 555 157 464 528 777 986 423 244
 337 747 42 899 837 967 524 492 361 881
 384 845 765 406 326 204 687 591 299 447
 484 890 702 974 411 208 196 866 101 565
 664 127 966 899 1 140 726 273 425 851
 285 588 557 273 89 212 803 328 536 32
 157 760 902 708 965 240 16 57 288 689
 177 637 933 485 155 973 41 799 59 64
 328 571 70 591 183 425 697 41 942 818
 449 886 579 931 689 409 763 585 115 708
 103 330 844 938 399 471 486 618 569 316
 335 515 517 45 914 463 386 979 956 702
 445 691 132 764 627 13 437 142 760 344
 789 794 330 115 865 388 170 105 287 435
 349 207 679 282 450 928 351 824 888 949
 534 107 668 840 211 826 36 175 553 309
 414 230 219 260 758 486 910 25 852 938
 674