100
 38 292 445 474 124 366 320 429 285 53
 157 379 339 9 25 379 37 122 240 84
 439 434 14 497 434 41 199 216 190 394
 449 421 277 317 301 53 174 35 475 184
 264 392 363 147 24 467 438 363 212 169
 58 465 384 436 461 358 377 473 301 457
 403 295 91 131 331 341 370 136 58 331
 174 158 238 347 70 56 315 161 309 32
 206 262 369 354 469 3 353 310 473 429
 171 499 445 108 60 357 250 274 48 40
 295
 586 302 730 246 303 698 241 141 260 691
 417 373 297 328 721 622 115 104 405 639
 156 487 262 52 209 438 601 272 128 882
 942 230 204 962 59 148 929 279 588 819
 170 101 239 236 52 245 132 400 317 400
 918 896 946 331 22 996 510 798 16 731
 842 335 504 848 783 967 797 952 36 125
 314 475 399 465 43 143 520 989 202 497
 857 379 689 489 554 338 614 235 100 389
 203 22 168 528 461 839 575 962 223 575
 323