500
 426 78 111 288 55 112 371 221 483 484
 284 474 403 491 115 8 462 311 385 69
 167 417 156 10 61 267 405 163 391 248
 157 254 117 427 342 303 251 436 355 261
 134 189 17 484 484 473 3 51 260 475
 168 132 310 437 329 130 74 46 17 91
 477 277 184 439 293 357 297 373 386 228
 223 317 213 258 79 494 341 486 193 182
 156 344 22 184 64 69 193 34 452 166
 107 209 65 194 339 460 231 101 143 196
 99 154 313 54 9 134 441 200 332 350
 17 226 222 380 281 158 381 477 492 281
 473 321 173 392 285 222 39 94 198 113
 23 46 152 132 447 499 152 122 119 294
 232 36 150 36 492 221 184 384 498 498
 362 29 9 403 300 241 292 183 453 406
 439 221 423 36 38 482 19 120 48 94
 122 237 335 102 464 472 199 115 450 449
 27 356 2 211 487 435 83 289 379 80
 435 444 163 112 26 20 310 176 371 208
 320 268 108 464 246 95 332 349 99 136
 33 348 380 283 107 388 145 301 123 229
 118 388 471 52 178 167 134 6 102 147
 49 393 418 412 320 488 353 169 17 281
 129 62 100 128 230 394 394 187 24 458
 322 184 85 226 342 324 114 92 436 32
 68 479 180 211 179 3 408 273 338 318
 257 414 210 420 164 279 252 440 390 228
 305 404 476 399 64 185 331 286 240 296
 101 150 169 333 208 246 199 376 14 485
 192 246 26 335 47 237 195 195 345 258
 250 262 350 474 240 276 90 452 312 176
 24 26 236 391 260 127 122 178 409 56
 426 21 343 277 38 188 345 493 492 140
 214 154 203 125 72 467 101 193 231 450
 41 234 111 24 410 42 46 242 78 30
 288 261 450 263 439 135 273 397 172 55
 409 315 429 340 3 389 235 495 229 180
 206 262 264 14 63 172 448 342 55 259
 479 272 121 201 388 421 413 406 288 367
 25 167 183 96 166 146 180 65 221 45
 363 325 303 492 239 441 83 297 243 204
 277 276 201 379 148 246 441 255 467 258
 402 21 131 103 321 205 305 18 67 85
 480 247 283 302 401 193 203 209 300 337
 256 263 239 325 26 456 58 139 218 253
 22 82 416 12 400 403 197 496 109 263
 32 146 259 359 106 114 265 318 204 207
 485 483 408 304 294 108 101 441 311 363
 344 235 418 48 78 227 498 154 259 349
 26
 717 615 26 131 9 188 9 673 745 626
 875 713 158 191 633 531 583 951 186 971
 308 360 151 775 271 966 8 149 451 282
 116 633 887 88 942 683 429 451 804 53
 108 431 436 671 873 970 652 567 909 473
 236 118 876 912 745 388 448 311 598 242
 428 147 131 407 752 912 737 831 265 857
 483 187 659 9 325 459 358 742 58 655
 933 200 325 245 593 478 846 587 671 654
 723 325 339 172 963 54 227 798 318 633
 757 754 704 27 940 293 494 301 149 629
 226 861 741 666 882 249 714 791 276 184
 31 435 375 70 274 381 910 523 88 971
 451 582 346 913 787 269 517 240 629 516
 111 934 64 418 72 238 105 772 943 530
 771 522 241 714 503 801 822 901 779 218
 86 808 594 279 839 296 512 335 536 948
 600 136 927 623 81 610 521 200 842 552
 202 761 527 422 545 169 180 386 540 995
 89 827 53 131 602 769 381 733 306 607
 406 559 617 948 564 456 727 577 70 944
 487 540 508 499 142 776 659 555 444 960
 623 21 408 505 354 722 254 62 532 742
 541 506 865 60 697 168 916 113 6 158
 423 409 136 607 192 618 889 26 469 706
 265 53 861 309 731 55 257 718 638 662
 281 792 371 65 153 865 55 828 296 182
 473 513 876 911 58 212 812 312 723 609
 310 292 140 28 741 334 674 702 834 642
 8 55 869 662 963 743 743 195 199 865
 701 127 662 13 720 246 548 210 636 487
 639 953 738 341 548 530 344 702 70 702
 477 404 389 615 408 198 33 799 201 21
 829 716 523 430 295 240 738 728 108 667
 960 212 236 806 704 14 433 942 933 9
 818 86 903 240 311 924 274 456 752 503
 616 796 57 324 802 322 130 954 776 323
 815 552 867 477 17 771 71 886 436 749
 243 208 377 1 699 608 737 369 327 192
 17 734 690 973 906 816 743 834 398 236
 988 698 982 357 53 409 722 844 491 327
 300 687 785 671 998 961 143 399 602 798
 835 630 564 787 229 50 603 523 622 212
 391 458 617 555 630 145 179 858 353 592
 654 42 124 901 898 280 803 315 74 291
 983 971 776 246 302 305 584 982 401 458
 7 149 617 945 314 609 630 61 600 398
 463 982 308 857 872 417 431 849 582 638
 525 64 253 351 871 587 265 627 282 552
 258 168 26 682 818 773 290 304 154 221
 965