250
 419 341 110 157 370 303 380 436 332 108
 475 489 208 134 282 342 12 498 352 150
 251 306 128 294 457 59 480 86 371 464
 220 493 114 95 227 362 486 138 267 13
 429 129 279 124 69 278 74 62 209 411
 405 439 344 334 410 446 320 426 253 305
 211 12 123 395 247 220 499 375 88 284
 499 121 157 65 261 390 389 286 192 19
 406 291 418 49 128 421 87 464 154 172
 265 108 114 456 405 73 182 380 141 267
 155 32 353 478 10 442 220 266 170 87
 299 219 193 200 13 99 45 37 7 33
 9 143 322 374 16 447 11 83 485 70
 485 264 214 148 242 12 132 335 63 415
 490 226 243 371 47 272 288 296 44 170
 128 8 62 278 240 233 409 292 379 294
 2 71 288 497 304 352 160 200 340 95
 381 425 124 490 270 281 438 273 41 470
 202 8 136 192 52 343 497 209 398 381
 383 349 265 250 268 96 475 82 436 288
 330 438 43 423 377 192 443 318 12 224
 330 433 299 408 291 78 7 498 349 400
 311 98 411 393 138 409 162 358 240 413
 444 280 171 349 73 336 468 87 154 314
 227 143 42 228 251 367 481 49 314 404
 488
 250 681 534 863 519 698 359 967 612 434
 277 966 645 369 880 295 508 418 822 481
 317 537 665 769 991 659 736 776 544 63
 430 176 220 380 484 676 63 561 588 888
 492 426 991 15 498 617 34 471 298 826
 810 497 750 625 511 711 744 463 251 806
 791 981 138 99 634 160 196 489 658 853
 408 970 405 121 262 37 266 897 845 814
 759 878 545 31 222 746 838 821 683 784
 984 123 401 367 741 281 63 177 814 726
 520 971 657 540 569 167 643 543 435 547
 134 727 22 889 604 647 385 315 326 379
 728 225 21 356 374 26 146 436 785 921
 414 940 882 18 400 103 493 619 292 861
 360 39 583 44 480 408 660 469 181 0
 752 101 621 168 504 331 951 955 342 376
 252 202 822 37 16 490 221 230 941 558
 840 197 87 708 847 538 940 566 284 972
 3 55 919 512 885 523 741 375 122 907
 492 581 911 526 938 210 683 801 155 173
 264 327 449 749 445 129 119 955 937 876
 571 735 426 285 996 283 271 935 149 190
 264 948 583 408 401 979 351 458 177 579
 80 967 279 729 99 187 561 371 645 387
 389 212 401 128 354 980 193 339 365 423
 387