250
 475 308 112 13 484 140 50 248 178 108
 275 188 61 144 411 70 87 260 379 424
 426 143 31 228 367 160 462 275 367 51
 207 285 499 379 301 13 345 368 79 498
 41 412 203 292 136 260 450 125 173 212
 480 186 486 52 28 156 406 122 13 143
 31 242 216 260 146 215 181 38 365 426
 165 107 71 478 326 49 445 421 389 425
 315 219 20 380 157 152 265 394 205 436
 195 493 457 65 350 175 393 59 34 206
 128 250 343 278 296 109 114 34 273 123
 427 341 99 130 326 491 70 33 255 168
 211 363 456 231 473 304 479 132 180 191
 408 72 134 347 394 247 289 297 44 191
 263 340 136 169 137 422 304 203 462 412
 84 309 240 278 475 247 175 475 447 85
 49 184 104 117 313 313 273 388 129 15
 38 291 168 489 442 145 134 456 403 320
 262 139 495 447 45 106 189 133 459 50
 498 59 310 281 333 457 121 427 321 351
 200 38 277 374 373 219 401 386 470 78
 153 249 43 211 74 260 457 462 165 242
 279 430 409 292 404 338 217 191 340 132
 162 406 374 33 478 66 361 4 437 314
 482 389 113 80 342 384 424 52 115 432
 284
 163 84 894 538 464 761 935 748 421 778
 360 938 406 926 796 683 452 868 499 581
 230 734 53 941 26 167 947 186 742 182
 711 661 526 440 8 783 507 206 737 814
 905 113 490 215 947 899 226 275 320 560
 401 592 828 717 716 236 166 151 827 173
 355 210 924 492 216 38 125 754 422 321
 251 522 625 778 636 653 669 883 526 536
 9 726 967 64 984 344 39 431 645 724
 95 957 950 352 346 96 292 819 261 568
 193 514 89 57 664 506 744 736 505 231
 778 14 740 163 522 164 781 4 209 309
 109 176 767 846 338 796 97 465 412 719
 449 388 490 308 478 304 221 954 866 893
 346 847 636 322 577 583 218 876 541 960
 109 785 452 861 456 72 154 543 878 912
 760 409 599 229 39 488 610 517 290 924
 995 326 466 602 575 735 161 892 63 570
 108 84 783 540 361 306 678 898 108 292
 215 818 202 393 892 932 231 625 307 473
 721 78 304 317 694 872 179 284 831 333
 187 21 617 544 610 729 491 190 246 944
 760 870 482 704 398 598 410 168 210 277
 230 602 283 237 27 635 87 94 220 924
 281 457 548 908 291 628 252 415 742 883
 16