100
 213 323 75 248 298 19 414 86 260 94
 456 241 80 497 132 105 469 44 49 336
 140 252 174 388 140 416 146 229 225 20
 389 314 417 46 144 481 101 309 216 115
 192 130 108 285 484 315 70 95 177 490
 449 244 205 338 5 427 125 94 164 144
 241 110 120 1 68 358 240 308 354 218
 414 110 105 430 203 261 278 448 477 428
 208 498 339 396 158 247 496 254 288 395
 55 108 237 249 208 193 408 137 246 116
 400
 697 822 249 947 97 674 104 385 539 702
 935 377 239 151 715 691 812 441 685 421
 24 479 979 927 124 498 510 797 485 597
 337 522 879 726 671 476 119 77 538 691
 417 717 325 335 377 524 679 932 710 310
 576 304 837 6 396 846 882 831 424 169
 460 160 276 452 326 400 426 375 252 364
 647 452 208 581 893 184 942 322 738 428
 788 183 905 865 169 459 380 571 949 337
 183 615 960 30 139 667 228 718 299 766
 484