500
 92 156 414 297 10 20 180 194 474 93
 188 32 452 448 97 204 258 362 401 452
 264 13 78 341 157 236 151 490 237 353
 107 187 283 443 146 486 164 191 213 404
 421 477 240 20 22 498 462 177 450 101
 144 424 140 486 182 378 102 486 436 439
 388 344 463 250 450 272 323 50 465 235
 8 407 341 240 312 266 141 399 350 461
 268 304 339 82 207 21 407 340 495 189
 37 32 234 448 210 276 107 140 153 4
 31 397 247 437 239 144 371 118 349 328
 142 238 159 134 397 337 248 64 347 177
 310 238 348 64 211 249 101 179 252 43
 273 52 97 26 387 113 165 65 356 156
 300 121 260 94 487 322 10 421 325 293
 246 420 88 409 338 158 445 324 351 20
 304 247 446 206 447 146 445 280 338 254
 154 495 103 85 114 140 329 477 187 67
 473 406 374 176 205 351 99 225 158 0
 232 439 6 128 478 452 225 104 439 446
 492 334 261 161 328 303 465 362 95 10
 189 420 95 198 476 110 462 318 82 153
 275 45 388 236 0 0 231 293 250 46
 432 22 416 35 82 496 21 358 184 497
 334 397 317 274 149 96 274 235 458 360
 375 315 398 143 388 35 137 261 158 425
 176 327 429 283 146 143 53 445 112 475
 14 239 478 479 498 223 459 463 76 172
 248 21 243 26 373 302 1 224 391 107
 292 91 349 263 373 131 287 431 36 328
 402 320 434 239 10 213 174 446 17 319
 460 283 343 73 141 448 33 394 294 7
 489 175 58 361 258 425 394 465 189 50
 430 308 431 445 470 412 174 291 226 495
 19 111 90 271 277 352 16 316 299 337
 312 428 202 231 484 96 136 321 497 345
 88 484 443 55 466 388 154 415 272 383
 2 349 317 341 160 430 203 82 287 229
 316 379 304 250 433 392 272 470 24 354
 89 200 494 424 355 192 235 242 174 315
 127 172 26 104 372 491 105 123 267 199
 73 190 25 273 108 96 124 345 223 55
 195 174 308 202 133 387 458 177 85 105
 160 63 259 411 213 91 322 275 65 194
 261 70 139 274 488 418 56 176 398 148
 472 269 406 292 51 480 86 93 298 373
 349 69 259 146 170 238 423 155 95 313
 170 284 398 315 318 256 284 2 190 439
 102 393 189 442 23 415 475 192 212 267
 495 8 483 247 353 374 393 302 177 170
 40
 584 42 182 24 939 358 639 190 981 949
 398 327 132 278 84 116 325 189 841 809
 329 942 157 615 52 237 405 196 465 993
 718 711 68 991 213 462 112 71 163 112
 254 93 79 839 580 284 339 152 411 975
 27 449 145 339 804 187 964 214 93 746
 846 505 210 934 39 823 300 532 760 413
 31 309 936 377 993 484 840 937 224 152
 74 6 770 530 149 457 800 745 918 983
 254 296 986 514 895 492 451 204 407 42
 758 445 341 477 462 302 702 371 987 459
 160 666 706 909 28 852 822 746 653 270
 166 943 504 372 785 182 800 89 244 18
 433 732 610 125 892 228 758 602 807 130
 985 808 303 335 70 83 650 998 571 962
 359 44 586 704 710 24 820 841 312 24
 323 411 260 962 725 510 824 911 332 24
 57 757 526 932 144 559 818 249 35 790
 808 148 355 409 191 495 958 253 791 98
 443 302 846 163 856 204 52 234 786 393
 503 544 24 653 332 15 415 611 293 889
 653 109 471 96 272 814 254 156 533 314
 712 730 922 805 656 721 674 993 526 292
 348 635 313 189 136 595 311 283 893 801
 197 213 96 937 804 423 69 16 193 617
 620 47 951 617 224 27 969 280 100 496
 357 217 551 377 122 289 823 141 174 521
 758 848 853 286 62 457 735 321 925 550
 735 103 415 570 998 758 603 26 690 736
 158 997 83 824 406 584 272 520 901 251
 346 424 961 372 973 105 57 312 813 245
 27 286 63 485 433 520 292 431 363 77
 731 852 331 215 143 957 653 99 890 843
 778 851 630 438 40 761 314 305 531 789
 410 872 390 986 915 131 701 350 787 118
 68 412 256 500 686 557 592 219 228 69
 547 247 854 683 198 260 653 982 141 67
 510 337 422 727 913 463 946 609 958 264
 361 383 816 145 269 694 789 494 578 594
 89 382 527 681 272 338 275 844 608 407
 925 825 168 619 480 556 951 494 350 950
 894 171 98 368 208 235 626 627 547 776
 259 31 77 583 336 979 884 290 268 912
 807 640 525 279 990 894 90 212 379 266
 919 100 997 118 620 562 666 914 242 854
 642 702 400 76 555 748 746 439 803 772
 940 157 306 499 87 423 149 520 914 924
 330 485 558 861 818 584 808 676 434 383
 681 264 324 813 748 67 957 132 722 9
 875 628 964 779 227 160 685 769 848 105
 231