1000
 280 267 350 246 197 398 468 114 197 98
 387 437 287 50 161 404 137 416 299 59
 255 191 330 313 101 342 12 119 398 115
 415 494 270 152 250 332 411 356 26 320
 484 116 267 195 430 72 243 167 180 48
 449 73 114 339 86 193 183 489 447 357
 418 62 414 356 46 325 100 379 475 227
 81 223 462 391 133 277 430 10 473 374
 138 338 280 432 269 68 206 11 384 153
 130 397 481 47 32 266 283 400 449 368
 245 150 176 468 393 419 151 496 193 467
 450 346 397 135 290 220 138 319 283 315
 197 234 238 18 269 319 244 300 169 187
 253 435 364 149 490 353 356 444 412 85
 239 352 300 381 11 118 72 231 40 237
 312 375 488 69 342 365 92 97 460 376
 287 324 180 75 65 114 62 136 109 247
 366 195 149 99 338 422 52 489 196 411
 250 391 249 363 426 217 404 201 350 66
 278 83 117 278 250 125 471 108 7 478
 65 46 366 470 187 216 186 120 167 190
 55 111 17 462 412 42 441 15 408 362
 175 354 257 146 110 131 13 410 303 394
 262 128 344 215 104 40 98 266 317 262
 313 337 42 238 289 33 213 140 211 333
 264 366 232 146 79 382 188 370 449 483
 236 182 448 229 251 480 249 301 417 456
 195 129 17 300 141 349 208 357 360 159
 264 364 99 207 33 234 218 112 245 45
 414 89 77 459 244 451 227 41 168 82
 486 386 462 322 292 451 185 278 300 218
 128 1 13 52 206 443 201 61 245 16
 299 182 364 141 473 2 384 204 41 377
 220 442 414 489 174 283 387 426 475 257
 382 164 164 240 318 151 387 178 118 71
 122 88 117 298 57 30 381 267 377 442
 449 395 57 272 198 77 320 167 404 264
 414 133 409 474 448 215 38 320 177 394
 220 124 238 142 203 425 205 50 237 498
 459 424 166 388 330 52 335 353 390 321
 233 127 298 294 10 425 104 82 381 355
 469 448 331 462 104 350 100 192 389 109
 193 298 293 467 314 29 282 276 266 304
 127 401 102 223 267 35 73 318 48 486
 352 112 452 190 26 448 191 492 492 235
 40 119 49 125 304 203 44 269 79 418
 58 62 211 414 87 323 125 166 236 165
 387 494 334 4 246 498 418 18 200 301
 466 408 329 144 385 144 62 380 170 398
 395 355 83 127 353 324 220 381 8 77
 95 103 59 372 309 329 282 8 100 222
 263 494 77 392 279 482 255 10 461 85
 471 256 448 21 279 302 375 310 453 359
 238 87 408 204 274 18 246 105 257 245
 264 191 411 454 79 152 342 399 389 152
 449 58 118 373 460 94 337 347 468 481
 379 196 160 404 214 263 69 229 482 23
 160 291 334 235 70 395 178 167 117 411
 19 344 319 245 2 458 327 480 67 398
 4 178 97 54 332 488 139 216 229 335
 339 71 141 138 167 223 306 133 210 342
 81 25 355 220 279 23 252 1 93 484
 102 258 209 111 23 352 333 190 214 362
 422 486 95 402 262 73 39 496 16 160
 177 378 359 125 280 302 69 142 335 490
 227 309 372 407 370 25 64 17 394 355
 334 451 326 317 495 483 281 92 31 43
 353 212 264 198 212 219 198 209 262 294
 37 417 380 249 202 169 464 358 322 214
 307 390 68 312 224 405 118 452 325 399
 438 247 294 343 418 305 265 293 173 255
 163 319 416 443 136 293 480 110 438 16
 332 410 325 445 76 443 11 176 118 81
 55 486 106 159 179 107 137 289 269 220
 336 335 114 103 377 328 11 152 335 66
 169 419 368 128 13 415 115 77 302 447
 134 34 205 353 398 346 175 462 63 142
 215 172 72 237 353 255 346 484 467 478
 115 408 140 258 55 106 111 82 21 75
 85 150 58 0 156 146 62 188 158 217
 470 142 144 267 330 121 36 90 243 172
 318 483 248 444 121 361 155 243 186 78
 265 308 227 272 330 135 357 39 466 14
 298 481 449 474 73 192 346 374 207 124
 280 41 242 331 200 334 372 473 343 418
 97 53 150 86 108 302 70 228 434 403
 87 464 383 230 442 309 151 8 299 338
 263 122 331 168 253 20 53 396 341 99
 59 441 200 16 92 156 414 297 10 20
 180 194 474 93 188 32 452 448 97 204
 258 362 401 452 264 13 78 341 157 236
 151 490 237 353 107 187 283 443 146 486
 164 191 213 404 421 477 240 20 22 498
 462 177 450 101 144 424 140 486 182 378
 102 486 436 439 388 344 463 250 450 272
 323 50 465 235 8 407 341 240 312 266
 141 399 350 461 268 304 339 82 207 21
 407 340 495 189 37 32 234 448 210 276
 107 140 153 4 31 397 247 437 239 144
 371 118 349 328 142 238 159 134 397 337
 248
 128 695 354 621 476 697 129 423 498 202
 359 504 86 547 104 195 53 774 227 331
 130 712 312 601 243 521 188 974 645 20
 843 651 587 493 840 177 818 677 316 891
 649 703 41 608 494 893 413 894 293 891
 560 676 508 308 991 207 171 229 281 658
 955 375 135 947 813 749 352 411 702 199
 450 316 1 465 878 12 257 957 904 451
 208 879 893 984 668 523 322 657 607 930
 725 190 21 379 840 191 396 953 220 924
 637 165 306 551 91 776 472 1 0 463
 587 500 92 865 44 832 71 164 992 43
 716 369 994 668 794 634 549 298 193 548
 470 916 721 750 630 797 287 776 71 274
 522 316 851 353 654 858 567 292 287 106
 891 225 951 28 478 956 959 997 446 919
 927 152 344 497 43 487 52 747 604 3
 449 782 215 585 183 698 526 746 262 574
 863 73 656 805 640 869 479 20 426 349
 892 35 638 921 567 687 147 283 897 66
 788 588 14 979 351 117 723 517 850 788
 931 379 101 861 617 862 891 941 824 349
 583 452 990 39 222 181 542 554 704 33
 633 599 674 624 857 404 463 969 192 273
 643 995 690 176 969 887 111 933 777 309
 830 544 766 4 699 635 682 320 861 406
 164 575 458 633 758 608 501 867 785 545
 940 49 708 178 400 988 849 710 384 470
 484 348 630 254 345 53 208 745 983 211
 247 535 398 147 381 50 547 216 193 248
 690 447 110 391 348 616 405 266 774 916
 354 170 210 321 127 518 822 427 182 645
 551 131 388 522 141 278 548 976 837 113
 352 797 297 944 539 813 585 103 960 172
 186 596 746 698 139 519 292 340 476 847
 311 190 626 340 568 796 630 637 512 569
 5 380 879 205 786 378 885 46 831 950
 384 425 534 990 16 967 495 706 748 787
 604 354 340 80 584 42 182 24 939 358
 639 190 981 949 398 327 132 278 84 116
 325 189 841 809 329 942 157 615 52 237
 405 196 465 993 718 711 68 991 213 462
 112 71 163 112 254 93 79 839 580 284
 339 152 411 975 27 449 145 339 804 187
 964 214 93 746 846 505 210 934 39 823
 300 532 760 413 31 309 936 377 993 484
 840 937 224 152 74 6 770 530 149 457
 800 745 918 983 254 296 986 514 895 492
 451 204 407 42 758 445 341 477 462 302
 702 371 987 459 160 666 706 909 28 852
 822 746 653 270 166 943 504 372 785 182
 800 89 244 18 433 732 610 125 892 228
 758 602 807 130 985 808 303 335 70 83
 650 998 571 962 359 44 586 704 710 24
 820 841 312 24 323 411 260 962 725 510
 824 911 332 24 57 757 526 932 144 559
 818 249 35 790 808 148 355 409 191 495
 958 253 791 98 443 302 846 163 856 204
 52 234 786 393 503 544 24 653 332 15
 415 611 293 889 653 109 471 96 272 814
 254 156 533 314 712 730 922 805 656 721
 674 993 526 292 348 635 313 189 136 595
 311 283 893 801 197 213 96 937 804 423
 69 16 193 617 620 47 951 617 224 27
 969 280 100 496 357 217 551 377 122 289
 823 141 174 521 758 848 853 286 62 457
 735 321 925 550 735 103 415 570 998 758
 603 26 690 736 158 997 83 824 406 584
 272 520 901 251 346 424 961 372 973 105
 57 312 813 245 27 286 63 485 433 520
 292 431 363 77 731 852 331 215 143 957
 653 99 890 843 778 851 630 438 40 761
 314 305 531 789 410 872 390 986 915 131
 701 350 787 118 68 412 256 500 686 557
 592 219 228 69 547 247 854 683 198 260
 653 982 141 67 510 337 422 727 913 463
 946 609 958 264 361 383 816 145 269 694
 789 494 578 594 89 382 527 681 272 338
 275 844 608 407 925 825 168 619 480 556
 951 494 350 950 894 171 98 368 208 235
 626 627 547 776 259 31 77 583 336 979
 884 290 268 912 807 640 525 279 990 894
 90 212 379 266 919 100 997 118 620 562
 666 914 242 854 642 702 400 76 555 748
 746 439 803 772 940 157 306 499 87 423
 149 520 914 924 330 485 558 861 818 584
 808 676 434 383 681 264 324 813 748 67
 957 132 722 9 875 628 964 779 227 160
 685 769 848 105 231 865 568 163 84 894
 538 464 761 935 748 421 778 360 938 406
 926 796 683 452 868 499 581 230 734 53
 941 26 167 947 186 742 182 711 661 526
 440 8 783 507 206 737 814 905 113 490
 215 947 899 226 275 320 560 401 592 828
 717 716 236 166 151 827 173 355 210 924
 492 216 38 125 754 422 321 251 522 625
 778 636 653 669 883 526 536 9 726 967
 64 984 344 39 431 645 724 95 957 950
 352 346 96 292 819 261 568 193 514 89
 57 664 506 744 736 505 231 778 14 740
 163