250
 186 148 164 360 311 57 52 202 319 78
 243 131 26 104 219 300 136 64 441 471
 115 102 481 29 74 464 139 294 409 85
 50 119 118 26 122 66 200 158 200 459
 448 473 165 11 498 255 399 8 365 421
 167 252 424 391 483 398 476 18 62 157
 237 199 232 21 71 260 494 101 248 428
 189 344 244 277 169 307 117 50 194 101
 11 84 264 230 419 287 481 111 287 161
 489 405 449 446 457 446 214 103 433 293
 124 95 436 45 83 344 463 346 374 435
 2 237 258 362 444 254 228 367 428 413
 383 43 127 235 1 241 260 336 231 354
 447 133 364 139 363 161 278 220 265 20
 417 144 463 233 214 326 448 488 425 460
 249 310 53 212 494 219 259 343 471 101
 390 7 388 56 160 311 455 467 187 400
 408 446 83 457 200 377 461 415 358 315
 461 47 52 118 487 228 353 271 242 208
 217 232 115 363 443 125 66 87 473 449
 105 247 294 173 97 24 26 238 60 201
 0 301 434 73 439 254 343 425 325 105
 385 122 149 155 385 281 359 255 280 345
 13 296 5 387 8 89 399 210 455 448
 190 485 41 438 177 39 121 324 384 314
 330
 760 675 795 965 951 626 867 327 563 174
 608 203 843 268 391 85 563 339 444 789
 108 547 742 397 914 414 542 588 12 363
 706 170 639 697 438 969 235 180 323 556
 290 690 130 427 457 462 173 126 976 310
 943 952 963 937 6 138 25 84 350 66
 857 681 119 159 537 888 750 761 722 417
 734 570 135 716 242 450 967 178 743 211
 636 262 825 765 28 337 640 370 680 696
 269 89 105 914 850 24 727 760 668 524
 710 544 399 738 35 594 554 915 354 756
 844 981 905 372 484 269 612 231 622 455
 286 444 3 43 161 413 61 276 415 803
 95 331 781 886 173 791 42 109 359 44
 625 331 436 448 373 710 870 523 766 884
 110 464 900 173 669 53 669 19 632 427
 709 336 626 768 769 955 431 28 997 50
 221 177 582 246 53 131 750 453 628 110
 611 25 313 385 473 432 144 363 417 806
 240 698 604 29 676 668 125 756 167 261
 477 947 51 940 61 498 549 630 329 646
 901 204 561 978 667 836 39 870 812 941
 615 838 663 861 909 215 545 914 190 528
 734 515 51 973 291 409 437 220 697 255
 313 69 857 287 94 647 782 254 173 321
 365