250
 102 418 291 398 342 384 160 22 179 313
 254 234 259 413 288 461 240 236 124 58
 366 404 158 311 206 431 384 393 347 182
 303 450 239 120 86 333 322 482 121 252
 187 197 6 168 220 12 466 260 135 30
 355 479 38 233 220 317 110 271 441 42
 285 352 1 435 462 154 265 127 151 347
 319 39 186 128 489 53 388 386 420 60
 444 128 9 497 68 109 124 359 232 316
 13 279 450 3 176 419 212 477 268 257
 119 315 236 442 410 383 76 286 229 86
 482 300 217 390 401 44 437 460 8 309
 136 3 373 275 90 250 314 151 420 276
 90 165 257 79 190 330 65 299 20 275
 217 413 238 430 238 141 205 362 79 467
 140 90 333 102 325 360 387 321 116 128
 381 170 124 492 357 153 390 493 394 41
 394 474 308 220 342 416 30 21 50 199
 443 420 321 448 66 74 238 343 178 251
 192 436 455 176 227 246 211 142 81 44
 266 164 5 194 237 455 361 54 189 156
 170 477 50 108 31 238 303 68 77 111
 162 101 290 336 142 326 264 24 63 448
 30 366 272 358 452 45 246 51 241 475
 289 414 1 476 72 222 165 67 348 103
 289
 210 51 396 584 279 932 299 14 564 897
 822 816 660 684 583 668 724 520 958 362
 894 236 512 75 153 624 749 934 747 111
 545 50 131 611 57 405 977 375 552 684
 963 835 186 383 49 91 869 533 792 91
 415 111 672 593 520 39 535 621 183 809
 860 364 575 621 873 90 944 974 980 23
 669 449 456 369 228 830 369 731 940 784
 410 479 366 145 546 783 27 430 619 722
 393 331 605 710 71 900 119 220 192 911
 702 534 919 290 723 443 617 703 21 895
 758 462 965 664 158 837 725 650 624 499
 308 115 771 0 262 918 454 25 781 362
 783 496 966 843 966 735 628 377 839 810
 206 853 566 900 431 173 256 630 730 637
 821 541 327 134 130 319 393 70 427 15
 191 375 198 687 204 543 219 50 242 808
 290 372 692 93 456 844 237 495 915 286
 880 498 600 713 173 324 748 956 653 286
 890 543 518 480 544 391 550 359 45 871
 420 227 33 713 473 612 91 223 707 696
 726 451 471 730 378 744 577 275 271 965
 436 743 794 71 952 852 375 461 345 10
 302 948 479 886 133 315 142 906 566 116
 402 342 674 657 961 889 551 699 612 222
 255