250
 434 498 63 454 61 387 279 469 472 122
 407 255 66 141 269 206 107 248 244 71
 3 418 263 50 133 398 24 335 358 194
 298 267 345 326 338 199 200 315 245 395
 333 366 138 385 188 336 142 46 341 37
 224 178 61 183 70 320 225 237 37 183
 356 211 282 493 69 491 154 14 412 368
 120 349 376 405 182 465 29 276 361 95
 126 193 327 216 32 180 298 75 403 226
 492 453 90 293 447 116 194 221 93 245
 483 46 439 376 53 277 488 3 265 487
 226 183 42 2 262 81 341 471 103 185
 91 239 211 334 478 123 178 82 411 278
 252 383 497 487 2 211 3 274 25 140
 22 184 10 284 327 10 219 83 409 119
 26 135 119 76 55 227 407 295 278 117
 91 6 209 80 221 325 17 40 459 440
 153 433 119 165 261 459 14 448 148 121
 106 280 334 188 494 241 267 474 16 68
 2 328 435 376 163 389 49 264 461 184
 177 459 298 315 486 370 328 288 350 32
 421 178 289 497 255 255 363 54 265 241
 387 262 489 311 487 43 257 359 495 154
 402 56 361 56 407 220 48 454 194 58
 379 24 401 105 293 178 485 211 123 102
 65
 359 569 261 364 431 268 916 486 570 381
 555 363 31 970 663 812 652 946 538 46
 7 574 421 135 681 374 607 935 218 52
 763 183 804 711 385 350 417 713 401 436
 940 395 577 331 407 753 918 663 322 803
 257 77 493 428 358 344 415 141 193 920
 225 94 27 14 779 340 619 575 124 175
 73 751 269 604 498 5 574 836 552 698
 683 4 856 294 733 858 567 624 597 391
 563 919 503 350 754 798 679 110 962 149
 256 43 21 315 602 91 627 879 377 42
 179 702 406 313 319 475 220 202 521 194
 608 208 437 643 434 830 220 159 670 923
 908 333 611 21 729 519 946 338 981 888
 457 590 456 580 632 470 86 417 587 663
 348 832 932 774 888 379 21 65 951 48
 428 382 378 99 989 569 952 678 244 877
 8 667 485 119 861 183 535 626 255 93
 819 179 791 117 977 118 664 139 85 305
 836 422 49 651 57 459 166 112 149 583
 108 795 54 903 209 60 411 727 22 62
 492 599 621 462 306 961 905 767 275 967
 684 276 80 166 465 928 211 294 759 486
 230 720 101 902 86 682 594 705 617 696
 195 27 134 477 768 693 447 967 496 534
 898