500
 448 33 394 294 7 489 175 58 361 258
 425 394 465 189 50 430 308 431 445 470
 412 174 291 226 495 19 111 90 271 277
 352 16 316 299 337 312 428 202 231 484
 96 136 321 497 345 88 484 443 55 466
 388 154 415 272 383 2 349 317 341 160
 430 203 82 287 229 316 379 304 250 433
 392 272 470 24 354 89 200 494 424 355
 192 235 242 174 315 127 172 26 104 372
 491 105 123 267 199 73 190 25 273 108
 96 124 345 223 55 195 174 308 202 133
 387 458 177 85 105 160 63 259 411 213
 91 322 275 65 194 261 70 139 274 488
 418 56 176 398 148 472 269 406 292 51
 480 86 93 298 373 349 69 259 146 170
 238 423 155 95 313 170 284 398 315 318
 256 284 2 190 439 102 393 189 442 23
 415 475 192 212 267 495 8 483 247 353
 374 393 302 177 170 40 292 21 91 12
 469 179 319 95 490 474 199 163 66 139
 42 58 162 94 420 404 164 471 78 307
 26 118 202 98 232 496 359 355 34 495
 106 231 56 35 81 56 127 46 39 419
 290 142 169 76 205 487 13 224 72 169
 402 93 482 107 46 373 423 252 105 467
 19 411 150 266 380 206 15 154 468 188
 496 242 420 468 112 76 37 3 385 265
 74 228 400 372 459 491 127 148 493 257
 447 246 225 102 203 21 379 222 170 238
 231 151 351 185 493 229 80 333 353 454
 14 426 411 373 326 135 83 471 252 186
 392 91 400 44 122 9 216 366 305 62
 446 114 379 301 403 65 492 404 151 167
 35 41 325 499 285 481 179 22 293 352
 355 12 410 420 156 12 161 205 130 481
 362 255 412 455 166 12 28 378 263 466
 72 279 409 124 17 395 404 74 177 204
 95 247 479 126 395 49 221 151 423 81
 428 102 26 117 393 196 251 272 12 326
 166 7 207 305 146 444 326 54 235 48
 136 407 127 78 266 157 356 365 461 402
 328 360 337 496 263 146 174 317 156 94
 68 297 155 141 446 400 98 106 48 468
 402 211 34 8 96 308 310 23 475 308
 112 13 484 140 50 248 178 108 275 188
 61 144 411 70 87 260 379 424 426 143
 31 228 367 160 462 275 367 51 207 285
 499 379 301 13 345 368 79 498 41 412
 203 292 136 260 450 125 173 212 480 186
 486 52 28 156 406 122 13 143 31 242
 216
 520 292 431 363 77 731 852 331 215 143
 957 653 99 890 843 778 851 630 438 40
 761 314 305 531 789 410 872 390 986 915
 131 701 350 787 118 68 412 256 500 686
 557 592 219 228 69 547 247 854 683 198
 260 653 982 141 67 510 337 422 727 913
 463 946 609 958 264 361 383 816 145 269
 694 789 494 578 594 89 382 527 681 272
 338 275 844 608 407 925 825 168 619 480
 556 951 494 350 950 894 171 98 368 208
 235 626 627 547 776 259 31 77 583 336
 979 884 290 268 912 807 640 525 279 990
 894 90 212 379 266 919 100 997 118 620
 562 666 914 242 854 642 702 400 76 555
 748 746 439 803 772 940 157 306 499 87
 423 149 520 914 924 330 485 558 861 818
 584 808 676 434 383 681 264 324 813 748
 67 957 132 722 9 875 628 964 779 227
 160 685 769 848 105 231 865 568 163 84
 894 538 464 761 935 748 421 778 360 938
 406 926 796 683 452 868 499 581 230 734
 53 941 26 167 947 186 742 182 711 661
 526 440 8 783 507 206 737 814 905 113
 490 215 947 899 226 275 320 560 401 592
 828 717 716 236 166 151 827 173 355 210
 924 492 216 38 125 754 422 321 251 522
 625 778 636 653 669 883 526 536 9 726
 967 64 984 344 39 431 645 724 95 957
 950 352 346 96 292 819 261 568 193 514
 89 57 664 506 744 736 505 231 778 14
 740 163 522 164 781 4 209 309 109 176
 767 846 338 796 97 465 412 719 449 388
 490 308 478 304 221 954 866 893 346 847
 636 322 577 583 218 876 541 960 109 785
 452 861 456 72 154 543 878 912 760 409
 599 229 39 488 610 517 290 924 995 326
 466 602 575 735 161 892 63 570 108 84
 783 540 361 306 678 898 108 292 215 818
 202 393 892 932 231 625 307 473 721 78
 304 317 694 872 179 284 831 333 187 21
 617 544 610 729 491 190 246 944 760 870
 482 704 398 598 410 168 210 277 230 602
 283 237 27 635 87 94 220 924 281 457
 548 908 291 628 252 415 742 883 16 548
 419 695 609 392 329 796 69 492 499 984
 465 588 795 455 259 381 963 991 458 279
 983 883 246 683 923 28 831 991 712 510
 873 607 286 954 622 602 142 879 786 285
 896 550 829 33 231 749 594 47 105 81
 810 369 547 377 680 203 27 79 156 163
 108