250
 375 247 313 229 304 198 319 485 310 100
 173 131 94 279 72 67 188 83 197 51
 165 214 446 75 180 365 343 334 430 426
 201 395 235 444 464 1 223 223 296 104
 262 433 55 421 436 387 236 63 470 467
 341 60 101 402 207 321 403 68 55 10
 50 107 444 149 97 239 324 442 487 86
 233 453 312 44 204 384 232 466 210 54
 415 37 294 263 21 169 146 256 386 479
 19 284 128 487 376 188 377 263 66 17
 363 260 495 427 139 262 168 413 440 141
 265 261 441 281 52 184 330 174 90 30
 322 296 20 300 189 104 110 420 249 253
 205 204 325 141 304 159 63 360 274 381
 113 158 83 49 71 351 495 172 190 493
 427 301 21 406 98 195 5 277 172 179
 340 424 450 166 64 298 18 422 146 372
 39 159 343 302 458 459 165 470 196 180
 21 354 277 456 485 61 125 487 21 470
 134 125 444 325 386 84 405 106 338 436
 51 212 397 29 95 220 20 297 220 57
 84 327 293 487 382 371 210 155 496 411
 7 381 178 351 140 63 188 298 277 234
 248 343 2 100 377 482 32 158 432 158
 1 226 204 240 345 344 268 436 108 348
 448
 174 363 49 881 447 539 811 554 279 308
 29 47 727 58 374 517 314 574 47 209
 902 580 521 490 863 187 493 637 321 876
 291 811 661 182 253 671 389 728 714 423
 134 157 109 474 361 112 338 907 682 650
 532 129 900 163 615 197 767 459 630 975
 209 592 181 667 529 74 787 738 101 340
 661 46 982 472 900 612 272 745 234 500
 289 805 747 465 580 28 947 266 643 899
 827 775 709 857 152 490 812 532 6 214
 135 491 896 340 725 670 811 370 290 436
 880 777 757 765 688 491 404 48 786 859
 568 42 745 997 567 283 222 596 470 233
 587 884 916 917 700 38 207 203 892 873
 155 172 481 941 203 404 201 389 143 445
 339 296 346 193 630 617 129 830 184 453
 159 164 703 833 746 636 423 438 489 26
 439 280 234 203 205 689 84 265 569 43
 829 959 833 974 141 934 250 268 247 204
 16 57 204 359 441 870 497 444 765 32
 724 97 585 120 279 777 382 157 142 201
 22 707 966 493 715 944 638 952 179 138
 697 697 689 637 890 651 425 550 961 254
 409 597 674 41 401 360 311 105 498 939
 673 339 914 428 866 326 922 879 412 859
 347