250
 321 228 210 163 183 266 355 218 208 366
 424 300 377 9 301 97 171 75 431 444
 115 115 286 319 461 207 71 232 52 378
 108 204 476 467 24 196 220 312 219 95
 419 305 52 276 133 23 286 66 133 449
 212 322 484 284 287 213 295 146 225 150
 386 59 482 57 376 336 78 131 67 119
 440 205 99 288 214 187 168 488 143 375
 311 120 427 137 322 182 295 330 152 425
 199 388 191 140 359 453 289 121 65 173
 70 93 298 146 300 275 407 146 283 38
 432 309 211 137 157 203 280 201 263 382
 114 120 158 355 400 34 249 105 196 205
 429 102 145 47 60 169 171 291 146 227
 135 33 115 49 460 413 287 89 407 476
 487 255 353 221 489 448 234 146 447 250
 39 452 450 126 375 38 260 32 227 258
 241 327 100 393 86 313 459 234 242 59
 16 76 107 326 288 92 421 412 227 349
 81 380 208 129 449 418 400 17 241 69
 390 320 325 326 419 248 403 413 431 475
 326 401 2 216 263 88 412 94 372 60
 249 15 264 308 73 233 237 231 60 52
 226 21 317 86 31 286 130 166 178 436
 238 51 2 302 338 439 85 81 371 156
 249
 117 839 575 177 669 421 269 428 231 963
 128 252 310 938 999 328 306 38 757 275
 502 247 327 85 952 30 370 621 383 745
 147 619 895 43 699 27 68 311 925 3
 365 958 216 734 108 80 782 274 619 497
 727 159 159 399 216 613 117 485 333 948
 83 660 97 821 1 921 387 182 967 637
 198 563 451 59 275 799 748 408 992 112
 854 58 863 318 271 738 495 271 398 162
 24 194 963 898 271 339 990 548 469 250
 867 440 470 224 277 474 95 954 548 325
 317 368 576 617 891 548 724 523 302 512
 362 23 21 335 761 109 235 783 842 143
 603 755 530 866 596 370 620 821 219 289
 499 847 331 605 492 537 361 992 649 127
 21 760 121 68 567 38 875 154 17 591
 494 476 807 287 208 791 997 639 446 535
 869 37 841 393 652 594 255 810 330 723
 19 780 532 295 644 810 300 369 716 199
 723 545 353 892 661 782 266 165 497 961
 298 662 248 183 585 779 879 347 965 251
 352 897 657 424 147 552 815 720 70 99
 942 392 678 343 930 512 286 929 765 829
 221 962 25 623 547 427 739 805 728 235
 902 5 207 791 22 379 292 328 230 553
 495