500
 429 466 380 49 254 181 194 193 246 318
 173 176 150 110 66 150 382 376 177 258
 283 25 196 13 195 483 339 355 437 249
 416 181 404 201 11 294 125 415 386 25
 37 5 298 377 276 109 394 283 481 378
 322 277 48 69 298 219 422 94 475 91
 234 242 252 140 191 55 408 192 76 24
 86 376 478 435 333 294 287 183 367 239
 87 346 311 475 14 203 93 209 255 451
 152 380 210 94 210 77 458 187 168 1
 186 310 440 55 387 482 78 460 90 156
 158 330 465 127 261 485 488 91 57 54
 470 10 275 135 430 424 441 370 77 68
 270 158 366 113 322 495 394 444 56 208
 235 488 466 295 205 407 297 162 439 14
 454 73 232 315 370 426 71 482 68 422
 478 82 138 146 130 203 258 123 145 77
 102 15 98 372 411 377 19 374 326 272
 454 459 452 429 362 321 248 283 261 491
 68 378 327 438 169 498 417 272 472 87
 102 31 52 80 255 499 469 123 12 490
 219 68 329 253 162 282 147 294 341 26
 19 240 5 169 403 420 238 48 220 418
 85 358 91 380 69 5 342 160 219 110
 493 56 345 487 492 346 253 174 431 86
 78 221 238 258 435 300 415 492 276 449
 483 460 300 17 151 100 171 473 139 78
 223 71 336 14 81 178 124 350 3 474
 443 64 114 438 429 290 97 45 412 218
 249 181 453 424 145 478 198 163 433 141
 275 473 321 81 127 486 18 428 45 145
 135 325 286 46 380 205 131 326 258 87
 451 86 269 321 268 11 87 34 17 162
 118 28 483 223 481 286 454 382 181 111
 341 366 230 286 190 427 318 488 130 82
 445 416 353 148 68 121 223 99 397 339
 400 29 332 206 81 272 393 217 370 310
 314 107 36 485 309 332 410 204 398 6
 334 96 259 73 292 141 156 186 92 277
 124 122 230 422 427 438 51 426 122 459
 207 497 390 227 297 482 334 92 1 301
 308 362 208 223 401 191 268 216 156 482
 318 375 418 297 129 417 17 92 322 378
 130 486 346 460 181 256 76 480 43 191
 53 222 162 13 410 105 245 72 405 379
 266 102 47 224 292 28 432 147 139 340
 268 108 123 199 437 126 60 131 295 335
 455 148 281 232 163 297 258 214 306 68
 53 39 85 356 331 16 62 300 207 237
 484 343 300 141 42 186 356 114 423 79
 453
 747 502 751 950 342 745 457 812 53 505
 225 779 521 252 724 575 731 910 781 366
 35 775 59 389 258 638 276 43 361 225
 455 174 329 824 131 509 410 933 869 769
 620 495 239 131 750 324 272 680 959 942
 703 529 866 110 555 344 436 991 497 224
 67 49 633 12 984 594 239 769 7 650
 640 108 120 739 683 617 678 225 192 587
 303 641 213 609 819 45 652 524 528 899
 58 73 999 663 651 711 132 142 590 232
 561 139 987 670 323 119 731 857 839 886
 137 169 73 268 635 757 560 213 39 565
 676 759 34 115 759 118 876 294 6 744
 522 811 11 743 777 896 621 790 447 678
 75 253 752 951 210 261 878 557 9 212
 896 297 85 459 748 626 634 554 864 347
 936 560 448 238 800 227 695 808 926 775
 76 829 639 76 288 636 943 819 638 909
 486 581 76 177 888 592 346 933 441 218
 940 609 126 977 557 845 730 551 593 544
 75 345 409 637 751 82 314 440 41 559
 401 233 388 422 963 306 910 77 748 283
 79 248 57 752 971 815 871 886 17 591
 225 291 461 993 556 97 592 628 123 26
 992 986 533 516 737 11 621 944 791 408
 935 379 893 862 178 972 690 430 409 638
 3 319 994 878 828 754 535 310 237 789
 189 580 879 984 845 595 636 540 577 414
 896 695 22 969 697 857 419 830 135 917
 680 757 219 561 952 858 796 651 937 266
 792 508 257 425 517 354 281 387 198 14
 531 103 74 423 223 815 741 777 319 251
 275 946 304 467 361 223 223 633 909 278
 639 662 825 132 386 279 21 650 721 270
 419 873 647 72 366 704 224 692 521 462
 897 392 529 514 822 719 441 614 534 20
 235 670 290 188 963 607 250 479 856 247
 460 125 710 592 378 951 928 722 110 305
 628 155 786 342 781 401 10 258 217 52
 869 401 779 218 552 205 917 522 181 589
 591 450 420 705 427 248 700 789 124 886
 94 20 762 984 132 91 651 710 17 134
 483 999 357 746 87 868 996 126 909 122
 775 558 938 944 244 814 511 133 282 539
 413 214 496 489 143 7 836 527 100 267
 796 49 671 716 389 596 534 691 652 676
 398 400 630 491 790 666 733 276 770 377
 672 284 93 683 74 448 356 122 367 140
 640 451 475 75 367 713 423 564 987 138
 983 308 29 825 736 240 699 752 810 365
 930