1000
 216 436 207 6 172 145 403 446 273 243
 487 135 482 96 201 206 13 372 94 282
 139 13 289 177 310 150 479 42 185 120
 445 54 439 255 144 364 207 483 73 122
 299 109 35 73 368 305 162 200 492 262
 247 283 172 50 150 320 291 300 487 200
 290 418 58 253 467 236 374 393 314 290
 336 485 424 114 131 367 411 200 278 218
 259 230 161 159 161 130 427 495 254 45
 374 333 499 95 22 451 7 472 26 458
 7 121 386 483 6 55 267 219 406 225
 312 468 401 258 481 198 149 31 282 251
 459 12 13 88 193 385 467 454 215 118
 180 255 40 96 470 28 483 33 341 438
 103 179 63 458 52 336 383 113 70 403
 430 154 110 196 98 262 364 70 439 238
 144 219 10 356 142 19 336 75 345 493
 228 353 429 361 181 445 442 237 424 0
 123 51 420 203 241 87 45 497 246 21
 414 346 188 25 307 199 145 401 356 164
 340 26 199 264 81 454 61 150 40 183
 291 242 430 281 442 78 162 119 202 297
 234 105 131 90 487 453 129 114 263 91
 264 55 119 12 233 345 122 69 384 105
 392 471 355 447 172 314 69 235 313 337
 294 476 100 352 347 287 55 217 382 382
 196 445 113 131 261 461 305 105 497 378
 226 139 213 37 223 367 406 320 85 330
 33 190 135 463 355 407 263 477 42 67
 393 296 170 386 358 43 75 65 396 215
 464 465 349 240 348 196 366 48 436 216
 382 92 440 25 17 420 133 126 469 488
 96 482 479 48 264 428 72 472 4 307
 85 404 188 398 370 84 287 310 279 404
 105 408 114 73 71 234 476 120 129 6
 99 368 104 96 332 488 483 403 455 227
 66 433 407 454 213 174 481 487 159 244
 245 440 13 18 186 176 394 321 362 88
 158 193 223 111 413 425 302 203 123 266
 86 330 57 196 59 76 89 195 307 275
 130 87 279 60 131 457 102 457 54 381
 157 156 437 62 154 316 92 425 203 162
 215 65 258 167 29 388 438 10 460 41
 231 278 266 418 439 138 135 336 61 464
 407 98 371 456 479 4 312 62 65 49
 392 388 85 342 195 77 23 409 382 398
 306 428 67 243 210 120 258 121 105 461
 446 385 203 158 74 338 420 49 18 363
 437 376 194 41 200 380 72 427 463 343
 409 369 78 212 391 411 341 157 460 453
 419 166 287 177 385 393 241 450 104 379
 438 463 379 323 58 272 125 424 4 425
 202 49 249 67 338 454 228 227 438 401
 390 317 119 297 444 108 115 4 298 210
 367 349 456 460 129 240 280 385 349 215
 207 196 493 285 131 343 54 158 265 422
 440 443 238 169 150 86 94 256 445 497
 107 144 217 8 461 126 493 160 182 82
 372 128 123 332 8 309 0 64 324 337
 455 174 74 302 328 380 94 485 220 402
 393 327 251 92 104 125 341 10 318 413
 456 253 34 243 108 294 38 444 153 263
 469 130 455 253 124 279 200 497 18 67
 196 358 356 451 172 120 381 491 326 21
 322 473 491 342 38 285 218 374 369 445
 409 119 321 147 79 237 200 80 269 497
 114 249 490 436 256 440 258 97 123 15
 194 98 457 130 460 124 173 266 398 444
 398 75 191 306 107 256 21 137 246 459
 180 324 183 178 414 105 102 264 336 299
 356 267 343 438 415 338 362 419 155 84
 289 333 473 142 338 347 80 192 249 61
 176 330 51 8 95 425 66 175 411 482
 354 301 137 204 376 311 268 461 358 80
 2 461 297 136 480 139 375 356 302 324
 467 200 168 16 462 210 438 0 491 272
 208 108 206 264 110 332 91 97 389 175
 449 168 136 416 389 408 353 469 269 268
 370 419 477 418 34 446 283 423 234 439
 444 143 356 337 464 211 206 499 283 234
 183 355 389 97 335 484 338 4 415 430
 272 309 43 482 92 325 147 326 13 8
 106 358 156 494 59 223 128 144 382 197
 228 248 138 222 404 153 384 257 399 74
 33 315 292 361 70 237 470 196 206 176
 282 33 266 278 235 288 446 218 334 163
 354 368 38 217 392 74 78 122 330 181
 110 337 81 153 348 497 499 152 127 428
 46 429 254 39 165 419 75 14 398 225
 316 83 162 177 224 187 2 68 183 374
 26 161 72 196 202 278 114 397 72 174
 492 470 46 414 303 12 192 110 269 320
 93 88 170 265 105 205 108 329 439 269
 211 188 379 346 470 33 394 196 157 23
 227 162 266 216 367 297 48 401 450 155
 400 179 441 290 331 207 21 279 381 165
 379 471 30 166 28 148 11 41 266 286
 123 77 337 236 4 290 56 228 320 207
 478 145 431 184 343 174 180 117 421 88
 380 431 280 293 202 80 262 447 3 487
 152
 233 697 143 153 126 297 191 288 518 802
 267 864 261 201 868 786 943 329 841 445
 801 582 639 195 542 372 665 261 555 360
 978 529 337 290 28 348 266 62 421 620
 915 651 42 295 254 758 909 473 354 861
 317 529 347 143 978 233 575 236 269 504
 649 962 44 294 724 713 52 777 252 600
 126 161 483 280 102 903 430 226 391 945
 667 502 586 33 607 287 409 140 639 992
 938 273 818 40 434 747 900 980 743 846
 32 772 653 759 787 654 344 11 787 187
 133 782 242 333 480 87 545 407 71 599
 141 794 590 954 494 328 387 777 530 419
 231 57 682 206 826 536 181 137 80 103
 460 331 617 870 106 115 825 717 822 233
 136 42 11 111 105 162 772 856 150 500
 876 765 68 924 659 507 63 654 593 215
 854 779 848 250 867 71 989 766 434 551
 843 127 794 383 775 622 840 108 128 632
 89 626 526 914 798 57 139 311 855 595
 277 501 112 555 839 882 832 884 932 591
 410 882 286 469 835 773 666 494 815 19
 572 183 477 105 561 714 317 685 523 836
 653 531 892 889 436 880 833 189 18 593
 352 824 547 546 265 144 803 227 209 505
 838 42 951 622 154 263 711 348 748 670
 776 347 387 345 948 726 329 123 676 319
 511 213 622 913 685 58 509 957 366 890
 997 975 614 578 413 599 402 713 148 848
 332 806 249 64 384 440 535 343 201 157
 881 656 832 892 548 307 96 153 446 481
 183 393 986 304 846 331 711 472 635 823
 634 424 954 580 476 892 326 785 220 813
 853 142 932 353 978 367 986 133 293 340
 57 621 421 172 312 174 901 914 904 319
 209 367 875 396 309 530 373 518 539 546
 802 155 699 299 640 759 774 201 264 822
 285 371 686 117 446 368 868 89 827 641
 672 635 26 714 526 830 643 435 889 152
 934 190 508 730 783 807 781 807 677 653
 762 560 579 652 687 665 677 961 23 288
 809 384 715 680 81 41 713 349 903 333
 845 535 771 421 882 889 79 977 837 545
 361 611 366 550 43 564 49 981 488 233
 600 731 789 444 743 258 22 60 847 256
 725 408 86 592 265 151 887 876 83 594
 92 160 577 250 232 68 190 473 755 125
 486 324 379 325 211 419 631 491 914 954
 45 713 730 708 765 596 43 752 863 526
 353 614 295 131 365 651 229 842 869 944
 993 356 142 307 754 299 260 874 457 607
 556 519 68 859 30 908 773 279 7 234
 348 47 855 66 5 7 120 8 201 205
 591 878 659 22 366 650 960 625 961 60
 186 600 878 608 27 306 844 178 583 495
 55 915 525 243 740 506 200 769 397 165
 803 286 712 790 160 793 43 351 307 161
 788 750 494 627 458 609 397 639 971 621
 201 346 263 188 558 144 134 377 167 394
 103 330 429 892 151 361 731 687 668 860
 852 402 790 471 889 928 2 446 446 593
 209 525 867 111 843 873 774 472 126 941
 934 683 120 203 805 414 642 807 137 110
 21 100 215 889 299 195 478 649 885 975
 172 467 906 624 88 408 769 464 932 421
 108 831 74 589 527 43 338 293 513 773
 959 39 569 256 974 752 376 755 526 132
 34 726 520 991 855 278 524 336 826 880
 282 531 522 882 562 104 368 660 348 180
 61 644 592 40 601 378 209 221 840 499
 506 410 408 650 282 608 319 126 721 548
 763 226 316 166 99 142 702 991 344 381
 987 854 602 42 812 197 391 11 554 345
 358 680 849 901 332 128 597 36 845 293
 745 79 318 687 605 917 919 330 940 393
 360 43 709 554 912 970 122 251 975 43
 941 268 250 889 650 772 169 811 213 676
 873 102 425 794 59 190 441 40 595 441
 115 168 655 586 975 765 743 421 311 993
 822 15 763 356 702 281 127 377 597 554
 468 497 687 5 201 754 964 64 316 864
 317 3 453 408 481 691 688 536 873 216
 697 897 174 363 49 881 447 539 811 554
 279 308 29 47 727 58 374 517 314 574
 47 209 902 580 521 490 863 187 493 637
 321 876 291 811 661 182 253 671 389 728
 714 423 134 157 109 474 361 112 338 907
 682 650 532 129 900 163 615 197 767 459
 630 975 209 592 181 667 529 74 787 738
 101 340 661 46 982 472 900 612 272 745
 234 500 289 805 747 465 580 28 947 266
 643 899 827 775 709 857 152 490 812 532
 6 214 135 491 896 340 725 670 811 370
 290 436 880 777 757 765 688 491 404 48
 786 859 568 42 745 997 567 283 222 596
 470 233 587 884 916 917 700 38 207 203
 892 873 155 172 481 941 203 404 201 389
 143 445 339 296 346 193 630 617 129 830
 184 453 159 164 703 833 746 636 423 438
 489 26 439 280 234 203 205 689 84 265
 569