250
 311 333 57 30 443 54 369 400 127 495
 219 442 241 47 390 204 277 236 74 479
 384 204 390 33 245 87 55 429 460 65
 140 358 23 185 199 88 390 326 145 426
 398 70 315 389 464 53 263 267 219 415
 489 375 58 258 255 433 382 293 99 104
 233 471 314 2 258 57 208 267 74 100
 34 143 140 286 424 136 235 198 198 95
 39 308 230 336 104 80 455 237 411 1
 362 383 35 219 80 69 491 104 163 486
 153 379 392 448 349 62 479 305 333 191
 344 219 41 191 276 47 224 158 245 8
 139 189 97 264 454 423 5 234 412 195
 250 327 387 25 344 276 363 415 383 148
 65 281 410 74 280 18 372 293 238 497
 387 432 309 259 116 317 370 27 257 17
 74 371 189 381 280 407 252 482 428 274
 444 46 288 428 460 102 88 422 290 485
 357 11 20 395 312 196 189 229 364 56
 277 78 232 264 388 493 211 122 168 373
 21 449 418 483 262 246 180 440 192 422
 382 203 163 102 343 295 149 223 242 445
 351 487 205 104 98 433 50 282 332 63
 483 449 0 70 363 136 212 425 142 294
 278 136 44 106 401 164 268 16 78 380
 451
 708 965 240 16 57 288 689 177 637 933
 485 155 973 41 799 59 64 328 571 70
 591 183 425 697 41 942 818 449 886 579
 931 689 409 763 585 115 708 103 330 844
 938 399 471 486 618 569 316 335 515 517
 45 914 463 386 979 956 702 445 691 132
 764 627 13 437 142 760 344 789 794 330
 115 865 388 170 105 287 435 349 207 679
 282 450 928 351 824 888 949 534 107 668
 840 211 826 36 175 553 309 414 230 219
 260 758 486 910 25 852 938 674 805 218
 642 479 575 628 333 526 270 167 805 238
 834 582 826 593 195 414 895 656 789 133
 490 842 586 401 732 373 888 209 105 837
 281 920 578 677 288 259 663 271 333 984
 949 547 891 35 410 456 947 438 149 58
 322 681 108 99 243 285 94 814 468 707
 437 273 80 260 595 924 741 141 659 229
 725 359 32 458 334 68 501 361 512 794
 543 183 347 6 242 514 413 112 235 697
 673 603 633 16 981 181 2 344 206 706
 507 641 357 469 380 185 437 3 144 862
 98 608 982 374 424 33 1 696 762 962
 582 611 3 252 899 156 735 997 896 244
 496 113 125 66 343 720 422 815 765 318
 588