500
 215 200 434 263 94 403 342 212 123 385
 226 95 89 58 284 199 454 78 101 162
 185 353 419 190 103 205 115 379 375 108
 12 56 373 9 70 325 392 54 471 395
 326 361 370 259 274 26 134 427 30 238
 386 320 18 436 483 54 349 359 78 241
 372 111 320 436 364 341 462 241 372 492
 41 459 414 102 95 293 207 413 198 456
 117 391 389 130 259 157 131 171 444 441
 333 394 441 315 66 237 229 260 18 24
 369 14 482 105 30 479 418 63 227 113
 161 465 362 496 122 429 204 235 356 56
 122 405 483 349 21 350 328 64 380 412
 465 406 36 490 259 419 25 184 414 194
 403 353 457 326 8 113 362 478 370 111
 227 144 353 211 184 302 10 410 431 36
 242 23 301 191 8 266 493 402 7 467
 347 456 455 189 408 357 3 7 276 274
 47 132 487 464 497 460 339 143 347 463
 36 73 27 404 419 88 483 293 285 112
 387 220 161 339 174 167 329 167 31 353
 198 168 275 72 55 496 456 334 29 4
 130 345 352 359 275 75 6 39 349 52
 52 8 298 243 272 115 18 366 277 38
 366 96 215 316 26 449 150 426 78 45
 150 86 499 403 256 273 220 454 497 281
 167 258 229 420 216 61 449 383 47 210
 326 239 244 459 131 64 51 126 23 197
 106 335 57 279 376 24 212 260 273 485
 421 340 475 280 182 195 475 191 118 50
 21 167 386 37 390 353 96 352 310 65
 181 422 90 392 429 9 304 341 178 52
 72 225 272 314 282 354 433 387 272 283
 176 401 455 338 212 460 50 411 492 99
 96 313 376 440 405 318 282 241 262 322
 398 463 177 52 181 394 145 168 157 357
 358 9 395 148 317 284 211 326 215 342
 440 157 486 437 337 333 412 195 380 4
 10 224 356 147 37 479 189 11 199 83
 29 226 293 151 389 424 379 430 267 406
 158 148 488 313 456 378 431 78 303 9
 159 416 115 294 351 303 440 319 392 217
 389 27 142 260 272 223 216 19 88 298
 249 84 146 239 39 159 280 267 19 382
 173 217 456 494 196 0 433 356 124 156
 378 30 332 373 181 283 193 164 105 269
 93 448 328 208 342 460 242 442 13 39
 332 369 29 369 215 72 45 77 31 438
 38 335 311 289 344 210 192 491 343 306
 328 382 89 184 126 132 297 376 4 102
 485
 251 739 98 219 828 32 718 997 564 967
 624 282 224 25 840 473 846 449 485 424
 952 545 852 966 569 201 874 825 933 490
 845 335 666 856 425 419 943 808 254 585
 732 599 376 293 864 436 224 710 319 825
 537 900 904 539 707 706 730 743 677 234
 946 403 274 381 135 443 258 568 834 190
 838 963 687 23 152 470 821 792 115 183
 152 834 897 734 64 769 842 416 182 841
 199 124 527 918 536 457 565 221 784 361
 325 926 418 949 448 938 309 367 572 861
 256 489 669 85 971 55 468 511 265 151
 1 58 614 432 215 974 784 133 531 351
 126 730 119 703 994 992 733 543 448 55
 139 961 18 393 654 357 194 657 773 704
 57 275 765 755 822 833 650 292 490 967
 933 39 835 583 578 652 404 129 732 540
 480 666 752 152 789 829 294 61 497 847
 513 84 738 596 116 155 393 170 80 545
 802 17 919 247 700 325 607 841 128 789
 481 792 771 131 929 924 252 106 715 943
 510 119 66 688 814 814 622 896 820 946
 581 912 307 405 183 792 260 669 742 161
 69 905 788 255 185 999 49 38 222 230
 736 504 491 715 162 188 365 709 778 890
 798 285 153 1 423 111 558 408 153 309
 480 79 671 880 386 848 629 163 508 662
 304 953 898 21 771 315 566 975 53 932
 499 849 837 0 151 70 349 932 338 899
 572 797 606 501 828 117 522 917 510 664
 84 174 401 484 101 129 474 434 111 200
 487 732 918 912 81 735 305 669 215 760
 572 958 892 750 292 908 929 249 646 213
 945 291 213 841 653 356 96 651 260 188
 89 412 767 170 252 726 786 81 334 733
 406 361 978 558 754 42 908 137 658 209
 2 533 179 629 199 115 651 266 424 353
 937 883 18 978 815 894 179 900 48 303
 310 499 709 667 23 825 252 593 440 386
 863 257 502 771 476 916 675 932 534 810
 195 376 177 139 38 335 60 327 809 746
 261 774 266 612 818 773 651 193 555 258
 574 414 483 159 331 262 995 108 376 149
 506 366 644 125 534 301 925 209 157 241
 149 646 879 746 386 657 94 413 391 513
 131 705 536 42 77 328 483 715 810 94
 729 75 640 273 49 35 60 587 961 686
 605 859 962 972 376 591 524 796 813 694
 102 47 521 353 257 75 185 556 0 742
 458 308 775 328 605 889 650 53 692 374
 795