500
 108 332 392 338 477 98 138 361 126 457
 198 79 10 328 189 339 310 483 438 20
 31 376 456 312 40 189 344 206 496 7
 212 293 424 450 159 442 372 485 21 72
 161 310 394 356 388 225 3 269 140 331
 425 394 320 401 205 175 120 438 312 103
 97 431 218 104 473 355 476 38 249 494
 254 35 461 348 364 457 292 65 433 11
 308 199 256 487 455 310 466 291 412 369
 86 366 313 350 185 160 99 68 267 171
 155 99 100 119 206 499 375 217 214 418
 13 66 327 213 380 142 304 369 103 398
 142 459 145 480 200 89 293 326 116 98
 231 259 264 347 95 159 77 169 357 247
 348 218 3 5 336 167 372 404 435 162
 241 10 487 177 145 124 233 255 396 73
 453 297 307 348 276 122 212 294 134 465
 219 495 294 212 192 230 137 264 173 216
 476 406 480 84 155 37 99 346 178 48
 76 171 286 171 188 134 405 207 97 401
 125 252 416 301 78 158 335 217 414 337
 35 122 72 229 429 201 367 384 133 448
 341 283 213 427 94 81 427 370 195 4
 282 211 69 313 404 159 299 52 19 470
 56 189 307 64 67 127 126 121 85 19
 79 149 451 467 110 61 16 469 123 120
 370 480 373 495 353 125 452 437 252 180
 206 170 96 100 414 463 15 341 403 178
 420 293 316 315 436 480 259 229 347 318
 454 456 359 45 428 379 331 379 346 227
 467 453 246 323 450 448 292 238 68 110
 148 320 63 452 252 431 190 384 226 458
 52 180 121 63 418 362 66 162 191 346
 343 177 10 215 142 362 477 245 319 467
 172 255 372 143 2 6 92 222 93 347
 318 130 123 33 344 192 281 477 457 444
 348 371 425 446 51 478 421 224 57 368
 299 426 263 303 241 123 169 351 27 133
 277 366 357 315 380 457 451 305 346 333
 114 395 34 35 59 415 137 191 257 34
 128 302 390 212 341 388 97 127 382 312
 392 23 52 99 33 23 341 161 418 42
 140 326 488 426 307 19 117 36 338 394
 393 151 161 415 46 437 89 475 183 343
 88 273 176 449 449 160 117 310 289 114
 41 247 324 148 439 39 342 376 472 163
 72 101 395 135 67 324 145 315 455 456
 465 204 394 477 227 297 16 399 302 234
 200 424 364 29 182 226 40 256 168 355
 423 362 318 280 367 301 308 103 416 483
 257
 17 130 621 607 154 288 114 326 997 45
 411 971 23 621 6 987 866 915 229 793
 929 137 361 40 495 236 838 331 434 341
 519 62 161 20 870 247 742 358 421 128
 699 696 891 706 228 254 652 246 505 40
 589 324 734 336 727 52 631 859 381 375
 587 905 784 908 209 507 253 604 551 105
 988 304 111 599 713 584 983 249 81 747
 403 577 996 982 244 302 536 352 55 514
 551 258 495 830 689 733 152 424 623 139
 560 361 726 267 703 598 270 885 251 890
 385 883 250 303 396 863 355 32 207 542
 206 279 568 890 736 21 622 610 746 8
 856 135 142 829 857 908 892 739 322 410
 932 343 941 136 390 825 557 364 121 2
 98 935 130 646 223 279 606 476 429 406
 674 714 495 995 594 208 443 601 787 521
 736 92 149 105 168 465 937 1 149 612
 518 108 971 785 580 533 701 617 432 198
 167 235 235 571 105 317 809 55 303 920
 192 913 835 835 417 933 456 770 678 92
 139 150 240 559 678 710 145 918 100 254
 323 508 284 4 132 780 164 888 336 961
 76 32 250 493 612 406 248 485 228 808
 527 924 444 866 731 558 551 475 942 634
 180 762 709 2 58 568 299 998 543 585
 750 780 226 644 594 320 394 58 167 637
 402 456 330 46 226 429 207 524 268 110
 81 662 616 237 760 302 189 748 789 216
 744 509 338 864 659 584 341 956 461 814
 994 788 515 466 888 371 102 561 687 591
 713 325 548 906 910 402 72 743 191 733
 794 434 365 3 152 819 610 866 761 548
 302 298 22 805 393 407 659 363 408 753
 887 274 621 651 813 329 958 187 336 987
 612 694 102 828 1 360 13 265 762 671
 215 991 814 973 787 605 592 218 889 257
 845 689 364 876 865 677 290 191 168 715
 46 742 465 615 863 563 428 787 497 554
 553 165 696 379 274 931 156 308 879 793
 335 779 897 443 804 958 939 974 199 770
 526 22 922 86 126 914 224 806 303 976
 130 963 833 815 837 786 423 611 519 701
 979 966 693 189 40 835 487 14 634 75
 102 280 180 914 872 761 812 427 539 697
 353 468 492 462 30 542 382 104 978 481
 907 266 289 314 264 125 800 650 89 799
 345 161 258 470 288 368 107 614 577 550
 815 76 676 687 32 521 379 659 637 965
 186 193 2 362 320 676 702 957 520 723
 378