1000
 223 339 37 126 376 475 105 130 439 278
 4 106 448 148 42 229 374 313 317 277
 432 173 468 280 224 119 400 113 347 404
 463 387 38 414 319 38 144 318 471 409
 319 454 243 290 38 88 444 296 173 466
 220 109 470 304 63 488 278 422 365 275
 296 272 37 172 204 318 375 41 157 220
 20 279 200 116 194 211 481 153 455 38
 374 141 39 124 28 376 485 407 435 443
 8 295 112 145 230 496 278 48 296 314
 61 13 496 493 266 258 368 5 310 472
 395 204 467 189 446 431 89 486 345 215
 204 319 1 159 497 439 414 377 267 155
 118 394 94 290 439 492 422 297 318 270
 288 207 448 347 11 484 348 428 209 415
 67 458 340 378 109 280 476 429 398 325
 468 133 396 254 128 212 258 177 140 193
 99 7 265 51 37 211 111 407 370 388
 159 125 137 473 152 233 180 111 111 316
 454 139 319 331 412 66 193 139 10 325
 360 135 209 436 323 36 183 352 112 346
 260 231 448 196 264 257 411 359 220 307
 267 10 117 335 145 94 481 303 125 239
 428 123 230 62 355 296 189 475 464 361
 55 152 314 77 393 171 390 200 5 129
 108 26 434 200 389 109 276 102 458 261
 90 294 295 225 210 352 213 124 350 394
 62 443 47 10 381 492 66 45 325 355
 8 67 241 499 178 373 43 434 498 63
 454 61 387 279 469 472 122 407 255 66
 141 269 206 107 248 244 71 3 418 263
 50 133 398 24 335 358 194 298 267 345
 326 338 199 200 315 245 395 333 366 138
 385 188 336 142 46 341 37 224 178 61
 183 70 320 225 237 37 183 356 211 282
 493 69 491 154 14 412 368 120 349 376
 405 182 465 29 276 361 95 126 193 327
 216 32 180 298 75 403 226 492 453 90
 293 447 116 194 221 93 245 483 46 439
 376 53 277 488 3 265 487 226 183 42
 2 262 81 341 471 103 185 91 239 211
 334 478 123 178 82 411 278 252 383 497
 487 2 211 3 274 25 140 22 184 10
 284 327 10 219 83 409 119 26 135 119
 76 55 227 407 295 278 117 91 6 209
 80 221 325 17 40 459 440 153 433 119
 165 261 459 14 448 148 121 106 280 334
 188 494 241 267 474 16 68 2 328 435
 376 163 389 49 264 461 184 177 459 298
 315 486 370 328 288 350 32 421 178 289
 497 255 255 363 54 265 241 387 262 489
 311 487 43 257 359 495 154 402 56 361
 56 407 220 48 454 194 58 379 24 401
 105 293 178 485 211 123 102 65 179 284
 130 182 215 134 458 243 285 190 277 181
 15 485 331 406 326 473 269 23 3 287
 210 67 340 187 303 467 109 26 381 91
 402 355 192 175 208 356 200 218 470 197
 288 165 203 376 459 331 161 401 128 38
 246 214 179 172 207 70 96 460 112 47
 13 7 389 170 309 287 62 87 36 375
 134 302 249 2 287 418 276 349 341 2
 428 147 366 429 283 312 298 195 281 459
 251 175 377 399 339 55 481 74 128 21
 10 157 301 45 313 439 188 21 89 351
 203 156 159 237 110 101 260 97 304 104
 218 321 217 415 110 79 335 461 454 166
 305 10 364 259 473 169 490 444 228 295
 228 290 316 235 43 208 293 331 174 416
 466 387 444 189 10 32 475 24 214 191
 189 49 494 284 476 339 122 438 4 333
 242 59 430 91 267 313 127 46 409 89
 395 58 488 59 332 69 42 152 418 211
 24 325 28 229 83 56 74 291 54 397
 27 451 104 30 205 363 11 31 246 299
 310 231 153 480 452 383 137 483 342 138
 40 83 232 464 105 147 379 243 115 360
 50 451 43 341 297 352 308 348 97 13
 67 238 384 346 223 483 248 267 449 214
 471 256 498 100 307 233 465 181 344 470
 356 275 204 285 104 246 195 437 227 188
 247 60 334 377 97 463 103 279 119 405
 406 346 354 70 51 221 281 357 275 447
 338 346 437 294 210 183 50 75 401 52
 269 426 380 228 269 485 189 364 81 494
 439 493 206 372 463 195 191 467 195 80
 208 315 467 145 352 220 303 457 127 329
 438 127 305 465 50 88 287 98 470 263
 217 337 11 315 228 114 372 168 486 114
 11 452 116 210 204 314 370 308 48 203
 312 63 489 301 227 58 27 155 431 139
 423 435 137 493 484 274 485 386 388 269
 268 88 435 173 213 380 86 172 239 302
 473 487 419 341 110 157 370 303 380 436
 332 108 475 489 208 134 282 342 12 498
 352 150 251 306 128 294 457 59 480 86
 371 464 220 493 114 95 227 362 486 138
 267 13 429 129 279 124 69 278 74 62
 209 411 405 439 344 334 410 446 320 426
 253 305 211 12 123 395 247 220 499 375
 88
 568 999 243 315 131 523 780 779 573 384
 39 813 583 837 98 256 842 174 929 309
 344 530 216 229 912 810 147 364 760 282
 535 311 64 707 957 21 884 441 533 341
 175 599 439 386 400 27 199 90 75 15
 66 18 287 644 749 32 894 22 167 970
 141 970 529 428 296 484 25 265 670 126
 831 981 452 487 743 94 544 576 593 89
 341 256 16 124 557 480 467 818 585 759
 588 5 142 577 995 608 705 320 400 680
 191 763 850 248 980 540 562 876 547 83
 941 405 17 273 385 104 687 994 418 796
 763 767 698 530 500 536 192 950 165 872
 576 660 876 87 847 754 385 887 637 25
 448 660 866 599 817 583 157 14 996 698
 800 622 196 822 786 277 818 324 717 480
 826 888 560 343 699 146 672 936 174 309
 629 454 287 84 456 503 734 962 99 629
 809 976 250 681 534 863 519 698 359 967
 612 434 277 966 645 369 880 295 508 418
 822 481 317 537 665 769 991 659 736 776
 544 63 430 176 220 380 484 676 63 561
 588 888 492 426 991 15 498 617 34 471
 298 826 810 497 750 625 511 711 744 463
 251 806 791 981 138 99 634 160 196 489
 658 853 408 970 405 121 262 37 266 897
 845 814 759 878 545 31 222 746 838 821
 683 784 984 123 401 367 741 281 63 177
 814 726 520 971 657 540 569 167 643 543
 435 547 134 727 22 889 604 647 385 315
 326 379 728 225 21 356 374 26 146 436
 785 921 414 940 882 18 400 103 493 619
 292 861 360 39 583 44 480 408 660 469
 181 0 752 101 621 168 504 331 951 955
 342 376 252 202 822 37 16 490 221 230
 941 558 840 197 87 708 847 538 940 566
 284 972 3 55 919 512 885 523 741 375
 122 907 492 581 911 526 938 210 683 801
 155 173 264 327 449 749 445 129 119 955
 937 876 571 735 426 285 996 283 271 935
 149 190 264 948 583 408 401 979 351 458
 177 579 80 967 279 729 99 187 561 371
 645 387 389 212 401 128 354 980 193 339
 365 423 387 622 667 115 61 887 109 739
 801 254 991 438 885 483 95 780 409 555
 472 149 958 769 408 780 66 490 175 110
 859 920 130 281 716 47 370 399 177 780
 653 291 852 797 141 631 778 928 106 526
 534 438 830 978 751 116 516 511 867 765
 586 198 208 466 942 628 5 517 115 416
 534 149 201 68 286 281 573 849 273 470
 397 396 191 79 616 460 672 209 161 910
 474 823 3 725 767 70 438 161 138 983
 208 326 972 306 759 785 897 699 124 958
 610 667 383 688 438 82 382 552 94 449
 316 490 16 278 379 194 529 909 847 11
 468 825 390 500 654 775 50 689 552 726
 830 767 297 131 563 821 148 560 37 745
 587 476 994 775 865 619 518 232 635 740
 54 515 34 148 743 378 762 560 815 504
 964 856 548 888 92 577 856 921 205 177
 844 580 970 714 23 40 790 624 392 379
 459 729 112 555 157 464 528 777 986 423
 244 337 747 42 899 837 967 524 492 361
 881 384 845 765 406 326 204 687 591 299
 447 484 890 702 974 411 208 196 866 101
 565 664 127 966 899 1 140 726 273 425
 851 285 588 557 273 89 212 803 328 536
 32 157 760 902 708 965 240 16 57 288
 689 177 637 933 485 155 973 41 799 59
 64 328 571 70 591 183 425 697 41 942
 818 449 886 579 931 689 409 763 585 115
 708 103 330 844 938 399 471 486 618 569
 316 335 515 517 45 914 463 386 979 956
 702 445 691 132 764 627 13 437 142 760
 344 789 794 330 115 865 388 170 105 287
 435 349 207 679 282 450 928 351 824 888
 949 534 107 668 840 211 826 36 175 553
 309 414 230 219 260 758 486 910 25 852
 938 674 805 218 642 479 575 628 333 526
 270 167 805 238 834 582 826 593 195 414
 895 656 789 133 490 842 586 401 732 373
 888 209 105 837 281 920 578 677 288 259
 663 271 333 984 949 547 891 35 410 456
 947 438 149 58 322 681 108 99 243 285
 94 814 468 707 437 273 80 260 595 924
 741 141 659 229 725 359 32 458 334 68
 501 361 512 794 543 183 347 6 242 514
 413 112 235 697 673 603 633 16 981 181
 2 344 206 706 507 641 357 469 380 185
 437 3 144 862 98 608 982 374 424 33
 1 696 762 962 582 611 3 252 899 156
 735 997 896 244 496 113 125 66 343 720
 422 815 765 318 588 736 866 502 761 876
 691 260 965 407 632 493 823 886 386 811
 340 159 137 12 719 697 150 113 18 245
 8 175 954 741 517 316 88 286 867 34
 559 923 303 912 898 96 361 319 613 343
 188 283 168 791 507 37 814 625 569 19
 330 854 105 106 330 511 263 348 773 482
 808