250
 151 377 95 345 58 144 247 461 347 58
 190 338 440 443 400 350 477 7 290 339
 459 304 56 212 121 126 294 409 477 254
 313 167 13 454 305 208 323 217 306 454
 68 198 426 320 139 466 220 334 482 201
 446 206 1 419 301 169 127 457 180 288
 321 218 229 248 429 278 226 421 55 107
 151 494 250 94 125 374 72 342 141 366
 152 213 20 282 67 267 138 484 11 7
 272 178 422 128 70 201 433 430 318 114
 209 399 341 92 94 4 168 477 322 489
 98 204 313 317 47 138 248 265 475 479
 422 329 61 150 213 492 216 479 169 454
 33 423 424 287 163 320 382 183 496 420
 282 481 475 429 323 253 404 344 417 309
 68 296 196 242 311 107 192 30 276 259
 55 254 436 11 397 297 313 190 194 178
 198 485 81 252 390 141 308 280 237 420
 466 223 188 105 163 129 436 252 263 156
 195 466 192 215 174 438 20 38 269 336
 459 262 334 240 366 377 164 189 266 282
 4 478 199 194 461 416 52 69 375 91
 22 207 385 266 405 172 207 429 485 31
 397 265 96 254 229 194 212 356 453 13
 254 237 21 278 283 283 393 440 433 143
 32
 724 885 465 344 705 244 419 407 124 57
 50 913 28 985 819 26 285 210 131 600
 70 48 586 575 928 959 118 610 889 604
 432 663 623 632 367 901 149 847 361 766
 631 814 995 937 582 384 225 576 248 702
 179 642 70 742 335 134 951 478 923 382
 889 532 110 690 651 794 758 709 485 23
 76 606 385 440 161 239 682 222 487 879
 125 856 427 289 522 756 927 938 162 307
 95 629 723 979 453 660 251 568 991 853
 859 914 549 870 352 697 96 541 701 336
 352 760 537 837 932 359 260 883 560 770
 101 508 377 659 99 934 516 720 913 575
 569 388 654 439 790 200 245 94 257 735
 656 548 452 548 920 328 575 247 688 54
 96 285 502 847 86 647 411 355 936 206
 431 587 800 322 752 777 411 867 19 269
 674 797 954 809 669 841 43 814 947 575
 56 482 353 409 859 556 954 992 323 13
 396 957 92 529 631 70 372 356 706 699
 540 321 808 705 281 847 546 441 392 697
 76 783 356 795 273 842 679 619 680 935
 959 15 373 63 611 483 469 659 624 749
 757 234 48 488 788 474 740 718 599 386
 138 603 365 68 448 243 531 979 381 815
 910