250
 320 425 347 244 247 294 495 243 145 205
 325 262 297 146 338 4 451 70 472 260
 145 331 96 362 409 387 428 37 428 144
 334 136 176 358 136 279 419 355 70 349
 77 477 30 187 214 404 21 349 380 71
 491 54 174 418 204 206 420 179 180 390
 89 2 32 235 331 210 66 250 240 19
 66 308 100 37 323 447 293 81 86 222
 167 192 70 447 221 279 223 186 257 362
 443 52 116 432 179 143 102 254 248 191
 101 314 117 436 418 111 257 394 221 192
 99 253 207 190 4 461 105 346 139 456
 319 292 466 45 216 432 247 282 474 354
 22 380 476 407 257 223 136 334 450 446
 260 327 417 336 147 107 497 422 499 301
 354 343 370 46 86 267 415 207 166 296
 301 322 136 492 398 133 437 176 8 138
 348 143 146 297 158 51 42 167 402 468
 257 362 116 176 283 281 61 465 224 430
 443 489 153 120 461 180 149 9 462 360
 356 3 216 244 10 369 440 328 59 33
 331 293 102 173 195 228 173 343 386 415
 244 80 64 196 74 39 384 154 147 243
 34 123 412 401 358 369 441 209 136 199
 473 236 169 258 461 256 372 31 356 302
 25
 432 765 196 867 184 372 671 903 247 629
 324 445 971 909 442 775 625 741 395 869
 82 488 255 846 430 401 868 527 188 807
 684 424 247 770 453 191 179 116 569 399
 908 156 202 324 370 707 839 381 207 410
 230 759 750 216 25 113 747 18 140 650
 784 109 943 791 652 722 740 519 548 53
 269 855 60 476 773 641 37 873 967 108
 698 718 156 482 745 223 640 872 728 683
 925 483 745 984 82 918 829 205 191 586
 415 827 397 913 234 783 778 261 518 314
 262 343 889 882 667 788 883 630 133 475
 459 521 37 48 738 29 964 211 60 959
 837 127 455 227 322 930 724 993 245 859
 408 471 712 113 245 811 967 699 42 700
 656 129 761 824 931 813 72 980 519 839
 51 369 828 389 806 707 915 652 16 226
 724 956 741 222 455 289 706 423 369 605
 20 821 863 73 485 46 602 383 16 533
 986 804 14 935 695 913 911 379 816 715
 6 14 552 548 95 264 975 929 994 920
 679 286 695 927 73 147 55 808 839 177
 966 587 570 224 775 441 323 678 349 335
 658 334 62 707 396 337 550 145 110 993
 912 668 59 8 260 691 704 719 551 150
 13