100
 120 438 312 103 97 431 218 104 473 355
 476 38 249 494 254 35 461 348 364 457
 292 65 433 11 308 199 256 487 455 310
 466 291 412 369 86 366 313 350 185 160
 99 68 267 171 155 99 100 119 206 499
 375 217 214 418 13 66 327 213 380 142
 304 369 103 398 142 459 145 480 200 89
 293 326 116 98 231 259 264 347 95 159
 77 169 357 247 348 218 3 5 336 167
 372 404 435 162 241 10 487 177 145 124
 233
 511 792 147 907 595 615 696 553 245 425
 588 268 930 438 991 589 424 385 460 275
 528 346 432 953 813 961 169 310 75 199
 693 357 96 153 342 572 342 376 268 811
 414 195 803 251 504 833 602 156 316 670
 435 829 675 70 244 144 459 859 403 735
 769 267 896 683 567 427 855 188 162 855
 741 390 9 564 422 139 626 809 318 599
 105 39 940 112 378 614 128 135 255 253
 243 170 39 158 299 902 934 221 123 32
 939