250
 371 80 34 452 394 127 92 499 24 19
 111 115 368 252 245 357 81 94 182 354
 389 445 399 142 76 0 211 55 279 204
 76 154 240 39 335 440 193 424 314 81
 254 331 152 476 449 10 385 157 283 487
 26 466 249 424 418 0 75 35 174 466
 169 449 286 398 303 250 414 58 261 458
 255 332 42 87 200 242 50 64 237 217
 55 100 243 366 459 456 40 367 152 334
 107 380 286 479 446 375 146 454 464 124
 323 106 472 145 106 420 326 178 48 325
 130 94 44 206 383 85 126 363 393 40
 167 366 203 180 489 279 377 21 454 68
 329 104 1 266 89 314 99 57 325 133
 212 176 468 441 9 489 407 447 89 450
 24 151 155 249 354 333 11 412 126 296
 220 193 431 128 251 385 238 458 337 466
 267 405 97 188 88 69 19 167 30 163
 404 373 130 387 133 306 409 386 325 96
 277 129 287 207 241 79 165 131 497 54
 188 74 253 183 322 62 267 150 462 104
 78 120 74 323 439 373 193 328 47 206
 195 256 65 352 268 21 38 164 241 357
 405 47 364 37 320 136 24 17 30 293
 480 343 302 429 481 486 188 295 262 398
 406
 694 102 47 521 353 257 75 185 556 0
 742 458 308 775 328 605 889 650 53 692
 374 795 787 296 695 814 59 130 785 375
 844 221 29 900 498 173 507 679 358 208
 988 413 432 867 150 658 57 503 720 145
 685 410 2 789 961 402 856 254 235 898
 497 733 402 703 59 217 547 213 901 749
 559 3 981 348 994 248 589 171 590 772
 82 107 226 455 337 889 481 970 675 668
 548 663 498 829 412 397 379 456 942 850
 170 816 289 257 956 409 331 2 828 244
 783 347 404 859 107 599 582 491 313 140
 413 955 192 395 464 276 870 392 730 371
 407 465 130 770 60 368 619 7 378 975
 595 499 470 225 771 489 291 670 229 217
 361 613 45 703 87 750 754 954 899 148
 423 932 377 616 372 700 940 204 89 132
 604 334 984 13 917 252 169 380 372 784
 599 856 905 316 349 351 287 344 962 745
 565 120 899 620 632 261 409 863 732 103
 169 496 432 449 362 605 901 911 420 959
 718 918 640 191 918 456 502 110 630 744
 603 446 168 42 860 329 126 279 62 519
 426 635 22 668 914 815 586 659 377 618
 33 167 779 250 518 173 925 126 702 65
 573