1000
 21 414 479 416 487 70 467 125 134 123
 102 8 28 102 179 220 435 248 222 382
 16 362 48 292 60 139 388 191 78 71
 100 11 353 483 246 357 472 319 476 89
 69 348 348 344 318 445 325 212 275 480
 127 204 298 337 20 200 180 155 52 249
 469 336 169 457 214 433 163 461 439 206
 429 173 24 346 325 71 28 209 233 329
 76 100 25 246 140 23 463 181 170 314
 227 342 275 254 160 208 163 106 416 125
 281 449 133 63 254 439 12 127 110 258
 241 498 214 177 342 7 19 69 298 497
 324 97 462 401 24 70 375 362 31 441
 33 398 316 156 124 479 65 88 116 269
 162 129 43 450 372 274 277 434 202 370
 407 216 348 397 418 161 428 231 99 121
 318 396 469 63 435 486 63 187 316 99
 196 122 180 44 25 15 257 354 286 100
 217 239 247 69 77 225 172 165 6 337
 221 64 10 28 194 154 395 464 102 35
 153 395 364 356 315 302 185 41 221 321
 368 188 273 201 446 297 272 373 265 161
 261 152 276 402 90 278 442 480 234 145
 492 297 42 486 392 17 104 107 334 157
 198 121 344 438 35 273 1 277 56 494
 291 234 454 129 290 252 179 254 233 467
 496 434 263 98 140 293 453 449 170 140
 391 65 133 242 127 455 306 281 9 144
 127 142 190 204 264 328 13 278 28 499
 427 318 323 421 146 25 213 7 367 292
 416 490 235 368 268 51 97 231 171 427
 424 61 400 420 412 298 52 350 136 483
 185 5 354 370 454 127 451 418 318 284
 157 204 87 47 131 275 434 37 490 120
 241 362 232 63 316 159 107 446 4 447
 269 156 67 381 59 317 383 121 412 167
 280 203 73 277 65 54 207 431 330 371
 35 474 73 373 421 221 331 400 492 492
 53 20 101 325 248 307 252 4 181 40
 125 311 156 142 384 93 356 162 283 196
 277 344 456 493 328 491 43 157 315 89
 361 316 494 177 369 69 151 451 247 184
 158 454 27 368 350 126 214 208 309 221
 323 470 156 240 228 332 350 21 431 246
 197 153 136 150 215 199 336 388 0 240
 8 244 398 37 23 465 325 199 72 262
 238 17 439 19 177 250 105 362 424 344
 264 6 84 483 200 174 246 394 216 366
 245 61 78 29 372 423 413 76 128 377
 186 59 63 144 80 384 351 24 77 76
 440 208 0 489 187 286 273 368 381 85
 132 152 346 457 265 220 3 36 160 329
 488 74 349 248 320 187 164 209 335 187
 483 321 22 227 174 26 124 475 73 14
 380 342 189 10 349 62 61 102 307 322
 22 374 165 345 219 209 382 86 38 237
 53 147 472 114 106 285 184 186 205 170
 483 437 101 313 379 192 383 343 29 307
 49 41 415 413 477 230 161 283 218 477
 171 392 246 127 400 22 486 228 451 35
 138 129 160 298 308 376 256 279 218 269
 281 486 146 403 143 202 139 247 212 246
 495 379 270 361 87 22 175 351 309 497
 366 297 430 2 371 466 24 54 380 199
 182 362 145 492 420 389 147 50 149 275
 12 389 346 27 350 392 26 182 280 144
 87 83 135 129 224 118 481 195 441 189
 8 319 372 205 291 438 432 163 128 191
 326 235 260 334 459 414 429 313 302 178
 236 422 470 119 92 176 87 10 118 7
 171 133 380 76 83 94 392 433 220 337
 302 306 82 285 177 307 418 393 455 34
 111 126 99 325 231 404 108 24 190 479
 417 133 293 52 364 301 256 487 70 76
 333 71 4 228 444 159 247 161 352 386
 138 211 53 401 64 251 118 120 388 167
 287 88 155 284 454 450 47 98 300 10
 84 299 76 453 261 430 179 298 347 296
 341 85 363 342 315 456 493 150 190 412
 154 225 177 288 271 100 198 396 24 310
 308 55 257 398 2 49 151 482 196 188
 349 42 263 343 160 84 484 150 265 243
 101 108 321 381 107 278 146 384 320 62
 479 214 59 479 444 401 285 16 406 395
 147 288 423 157 59 377 209 150 171 437
 307 187 2 290 482 76 365 426 81 442
 73 269 69 115 483 55 68 313 426 299
 230 453 13 92 379 490 111 139 12 82
 112 8 179 91 215 74 284 164 322 33
 70 126 415 470 12 462 372 403 177 241
 91 151 206 443 259 342 167 390 153 401
 21 180 14 83 259 144 334 341 367 291
 122 390 91 291 409 254 397 87 396 79
 157 305 258 381 188 386 453 200 376 418
 278 492 83 287 6 42 398 419 258 423
 289 66 90 470 265 124 280 281 245 371
 422 320 470 316 42 52 174 191 387 248
 339 316 208 270 379 142 143 175 346 19
 336 52 369 494 127 30 381 210 89 455
 306 165 7 75 216 457 493 205 158 106
 293
 489 478 722 161 197 59 829 824 899 23
 488 634 433 505 665 266 801 740 556 909
 587 816 670 945 579 351 648 165 115 696
 368 104 637 966 363 220 66 85 135 847
 221 437 469 6 531 36 971 121 705 518
 175 46 127 202 383 822 128 363 718 886
 204 70 396 482 813 405 597 661 456 58
 781 979 326 322 403 740 267 123 30 60
 339 811 808 659 656 19 495 730 175 732
 655 583 980 242 534 221 70 337 72 356
 2 154 199 342 224 492 771 806 732 946
 156 61 817 13 675 6 707 532 846 33
 395 185 675 180 715 292 564 936 956 723
 519 38 421 675 740 99 718 310 512 719
 622 286 573 286 23 852 911 448 631 149
 716 947 72 238 302 952 384 824 709 72
 230 616 493 900 439 904 273 681 416 929
 978 138 492 921 618 457 642 49 193 379
 843 717 828 338 532 369 320 430 572 365
 186 248 748 445 133 274 637 46 703 213
 557 335 409 613 959 810 487 990 29 581
 22 484 295 105 452 785 616 21 465 890
 674 559 237 604 63 259 414 537 880 809
 684 381 792 972 808 280 895 529 661 739
 980 62 363 70 935 388 397 477 272 281
 239 914 640 242 819 520 716 701 53 635
 797 801 788 749 82 562 408 557 329 626
 541 457 940 427 963 155 531 4 502 3
 298 799 69 386 357 245 620 855 875 626
 98 851 576 84 469 852 344 821 971 503
 16 318 624 262 457 574 518 795 67 140
 4 692 989 901 730 806 296 425 346 478
 667 645 698 262 308 684 272 349 942 678
 613 426 40 96 659 110 261 182 405 14
 788 973 446 844 854 539 984 371 607 8
 956 191 378 472 688 865 459 977 91 819
 832 621 834 468 934 720 635 994 890 738
 494 222 808 768 929 261 679 835 908 534
 246 759 451 935 13 610 776 281 298 917
 276 412 199 747 978 933 134 883 184 821
 378 514 585 662 165 591 722 774 461 934
 743 655 960 419 25 411 522 635 471 391
 211 985 120 538 551 879 127 994 708 767
 284 695 495 313 245 382 160 955 216 288
 487 207 383 450 72 147 461 723 698 223
 13 242 200 90 202 548 388 935 510 373
 725 885 0 760 158 600 703 308 826 980
 373 600 968 350 1 270 747 661 507 90
 748 799 151 618 93 722 503 271 724 596
 53 37 471 141 294 489 861 408 143 779
 679 831 534 599 468 468 429 453 703 315
 593 272 394 682 237 372 69 843 450 868
 283 783 301 352 672 801 739 720 623 578
 59 727 167 308 998 701 242 778 664 428
 377 243 864 792 368 368 620 420 282 763
 97 794 511 274 681 683 986 410 195 723
 61 390 732 996 81 958 152 533 225 272
 581 504 278 531 649 45 408 401 877 468
 385 981 886 222 761 320 195 412 64 906
 991 630 789 454 888 772 633 553 362 14
 362 255 948 727 314 108 369 701 144 420
 843 633 106 829 426 498 170 406 780 859
 176 505 768 20 269 609 311 549 503 996
 910 562 902 581 280 790 960 378 415 697
 611 128 30 575 232 3 258 811 720 583
 417 70 858 402 185 858 933 761 98 508
 363 389 387 492 637 346 352 300 221 133
 300 765 753 355 516 567 50 392 26 391
 966 679 711 874 498 832 363 809 403 23
 588 250 830 773 50 75 10 597 754 553
 218 789 567 962 756 644 555 97 138 597
 438 844 189 951 182 468 485 505 281 382
 111 817 385 153 48 172 753 957 870 666
 589 574 366 735 478 174 692 623 950 29
 407 187 419 510 903 305 761 420 189 420
 154 916 374 337 2 372 621 880 111 774
 964 156 921 180 313 316 660 930 255 523
 971 976 182 114 108 940 21 550 271 861
 849 883 741 155 137 540 317 732 227 645
 990 789 888 113 416 470 977 932 591 411
 814 594 325 879 28 908 146 464 631 740
 853 143 964 137 845 956 165 277 292 261
 406 516 246 290 155 205 30 196 744 823
 755 39 748 652 545 908 919 905 858 725
 642 497 567 522 982 136 756 654 876 338
 996 834 545 944 175 205 63 105 161 510
 999 939 247 24 981 438 137 659 506 324
 565 295 588 682 53 39 481 11 339 807
 841 477 97 441 836 171 717 183 760 139
 11 685 321 439 221 987 112 691 974 984
 692 507 349 862 173 156 443 477 516 871
 600 831 984 553 899 966 921 601 35 302
 200 343 947 278 157 447 143 673 28 162
 357 249 701 7 948 886 129 228 877 858
 581 195 91 824 436 499 363 906 848 290
 957 397 326 866 283 551 946 643 162 254
 973 36 857 91 290 270 651 573 92 760
 410 262 652 517 175 902 173 538 642 537
 23 175 69 35 324 237 56 967 447 962
 573 908 765 363 222 683 733 460 573 381
 855