250
 330 480 308 274 427 457 150 229 346 132
 372 458 473 355 187 445 67 370 362 316
 264 323 27 335 446 320 45 25 76 190
 299 70 216 62 188 98 46 335 452 56
 52 201 276 163 451 496 53 422 67 185
 123 271 355 198 97 269 400 497 258 268
 189 269 30 414 201 55 111 89 302 404
 60 210 456 270 441 91 474 493 115 88
 305 359 139 359 458 218 461 172 120 279
 49 0 106 278 441 87 425 98 94 405
 370 377 386 447 12 183 96 158 58 286
 231 9 64 31 325 201 406 246 227 374
 197 138 28 449 286 114 322 169 484 138
 377 266 312 277 105 492 398 180 339 88
 34 66 120 169 410 449 342 352 491 453
 441 8 381 380 198 395 370 190 269 3
 56 487 126 231 382 293 55 378 305 327
 491 363 496 176 62 217 372 452 374 228
 435 417 455 443 364 8 383 327 248 185
 10 445 190 34 374 461 387 328 222 484
 436 416 198 362 235 51 368 127 17 264
 105 456 386 130 365 455 31 168 233 138
 181 461 127 498 219 279 352 256 17 263
 164 215 23 39 27 164 69 164 225 194
 63 54 90 57 357 411 142 5 194 481
 303
 192 877 907 178 553 665 544 528 399 177
 826 918 863 783 970 816 702 533 367 670
 251 86 828 229 991 529 750 166 885 863
 676 669 24 17 862 532 570 102 504 649
 535 805 596 769 351 52 279 932 250 413
 411 374 867 40 432 921 324 309 765 789
 644 505 250 539 850 148 197 447 342 555
 482 482 299 378 163 26 644 383 647 69
 846 698 667 193 800 118 530 20 646 485
 125 566 970 323 37 909 293 126 605 982
 481 615 636 61 313 354 404 426 215 436
 6 749 527 965 389 189 538 651 338 522
 51 917 867 843 217 660 614 741 311 319
 526 675 772 431 0 547 479 785 135 560
 103 522 915 123 706 809 793 868 706 984
 854 972 983 662 561 699 776 950 426 582
 17 607 471 363 853 836 54 362 973 334
 960 89 41 38 822 691 796 449 687 140
 208 155 91 186 874 984 897 470 352 75
 978 255 485 368 203 937 69 164 275 856
 320 334 639 104 764 700 590 642 791 889
 881 992 186 990 283 162 157 170 115 247
 381 770 201 457 723 801 27 894 277 954
 61 827 16 467 549 485 885 79 940 415
 479 234 446 649 83 602 182 91 888 864
 934