1000
 196 165 302 355 35 450 59 110 96 455
 351 267 459 145 361 221 308 351 10 447
 379 231 482 332 79 418 362 325 312 249
 154 57 385 0 131 459 227 12 390 181
 391 248 483 421 483 367 314 188 419 405
 103 426 283 450 215 86 128 315 365 318
 410 270 163 67 65 159 196 35 213 7
 95 187 99 343 102 271 109 25 121 404
 145 186 346 46 228 422 118 247 457 143
 440 249 300 356 86 162 374 478 326 143
 445 271 259 240 272 195 275 179 22 435
 210 113 16 356 236 306 45 111 353 348
 363 225 235 365 189 372 288 137 135 482
 218 371 397 35 476 426 187 230 172 5
 151 474 239 443 66 157 71 453 283 58
 201 171 337 328 480 444 275 349 306 111
 127 100 73 388 181 372 43 143 105 302
 249 384 322 393 279 243 361 238 217 237
 331 43 82 176 238 157 3 298 268 238
 57 124 489 96 413 457 398 153 242 420
 366 12 17 62 391 257 54 426 68 68
 497 282 100 56 429 400 2 449 74 19
 169 341 253 472 342 124 268 224 347 21
 156 477 360 194 391 160 293 78 241 220
 36 392 284 307 164 439 328 490 165 117
 165 366 109 247 85 230 259 351 343 236
 400 456 391 53 214 216 336 368 3 95
 293 141 407 378 32 168 79 347 337 73
 429 387 307 84 445 479 153 374 304 181
 53 477 498 239 386 428 234 435 465 315
 263 45 452 17 320 425 347 244 247 294
 495 243 145 205 325 262 297 146 338 4
 451 70 472 260 145 331 96 362 409 387
 428 37 428 144 334 136 176 358 136 279
 419 355 70 349 77 477 30 187 214 404
 21 349 380 71 491 54 174 418 204 206
 420 179 180 390 89 2 32 235 331 210
 66 250 240 19 66 308 100 37 323 447
 293 81 86 222 167 192 70 447 221 279
 223 186 257 362 443 52 116 432 179 143
 102 254 248 191 101 314 117 436 418 111
 257 394 221 192 99 253 207 190 4 461
 105 346 139 456 319 292 466 45 216 432
 247 282 474 354 22 380 476 407 257 223
 136 334 450 446 260 327 417 336 147 107
 497 422 499 301 354 343 370 46 86 267
 415 207 166 296 301 322 136 492 398 133
 437 176 8 138 348 143 146 297 158 51
 42 167 402 468 257 362 116 176 283 281
 61 465 224 430 443 489 153 120 461 180
 149 9 462 360 356 3 216 244 10 369
 440 328 59 33 331 293 102 173 195 228
 173 343 386 415 244 80 64 196 74 39
 384 154 147 243 34 123 412 401 358 369
 441 209 136 199 473 236 169 258 461 256
 372 31 356 302 25 216 382 98 433 92
 186 335 451 123 314 162 222 485 454 221
 387 312 370 197 434 41 244 127 423 215
 200 434 263 94 403 342 212 123 385 226
 95 89 58 284 199 454 78 101 162 185
 353 419 190 103 205 115 379 375 108 12
 56 373 9 70 325 392 54 471 395 326
 361 370 259 274 26 134 427 30 238 386
 320 18 436 483 54 349 359 78 241 372
 111 320 436 364 341 462 241 372 492 41
 459 414 102 95 293 207 413 198 456 117
 391 389 130 259 157 131 171 444 441 333
 394 441 315 66 237 229 260 18 24 369
 14 482 105 30 479 418 63 227 113 161
 465 362 496 122 429 204 235 356 56 122
 405 483 349 21 350 328 64 380 412 465
 406 36 490 259 419 25 184 414 194 403
 353 457 326 8 113 362 478 370 111 227
 144 353 211 184 302 10 410 431 36 242
 23 301 191 8 266 493 402 7 467 347
 456 455 189 408 357 3 7 276 274 47
 132 487 464 497 460 339 143 347 463 36
 73 27 404 419 88 483 293 285 112 387
 220 161 339 174 167 329 167 31 353 198
 168 275 72 55 496 456 334 29 4 130
 345 352 359 275 75 6 39 349 52 52
 8 298 243 272 115 18 366 277 38 366
 96 215 316 26 449 150 426 78 45 150
 86 499 403 256 273 220 454 497 281 167
 258 229 420 216 61 449 383 47 210 326
 239 244 459 131 64 51 126 23 197 106
 335 57 279 376 24 212 260 273 485 421
 340 475 280 182 195 475 191 118 50 21
 167 386 37 390 353 96 352 310 65 181
 422 90 392 429 9 304 341 178 52 72
 225 272 314 282 354 433 387 272 283 176
 401 455 338 212 460 50 411 492 99 96
 313 376 440 405 318 282 241 262 322 398
 463 177 52 181 394 145 168 157 357 358
 9 395 148 317 284 211 326 215 342 440
 157 486 437 337 333 412 195 380 4 10
 224 356 147 37 479 189 11 199 83 29
 226 293 151 389 424 379 430 267 406 158
 148 488 313 456 378 431 78 303 9 159
 416 115 294 351 303 440 319 392 217 389
 27
 284 520 544 446 433 39 177 597 499 168
 293 478 78 318 560 534 38 764 347 434
 913 989 393 0 867 712 249 313 757 60
 664 747 362 566 387 329 211 539 186 896
 656 416 684 920 484 884 27 79 665 738
 58 739 431 144 91 155 63 876 77 671
 623 578 688 420 384 983 686 613 656 765
 179 368 253 265 594 752 9 204 971 251
 739 98 219 828 32 718 997 564 967 624
 282 224 25 840 473 846 449 485 424 952
 545 852 966 569 201 874 825 933 490 845
 335 666 856 425 419 943 808 254 585 732
 599 376 293 864 436 224 710 319 825 537
 900 904 539 707 706 730 743 677 234 946
 403 274 381 135 443 258 568 834 190 838
 963 687 23 152 470 821 792 115 183 152
 834 897 734 64 769 842 416 182 841 199
 124 527 918 536 457 565 221 784 361 325
 926 418 949 448 938 309 367 572 861 256
 489 669 85 971 55 468 511 265 151 1
 58 614 432 215 974 784 133 531 351 126
 730 119 703 994 992 733 543 448 55 139
 961 18 393 654 357 194 657 773 704 57
 275 765 755 822 833 650 292 490 967 933
 39 835 583 578 652 404 129 732 540 480
 666 752 152 789 829 294 61 497 847 513
 84 738 596 116 155 393 170 80 545 802
 17 919 247 700 325 607 841 128 789 481
 792 771 131 929 924 252 106 715 943 510
 119 66 688 814 814 622 896 820 946 581
 912 307 405 183 792 260 669 742 161 69
 905 788 255 185 999 49 38 222 230 736
 504 491 715 162 188 365 709 778 890 798
 285 153 1 423 111 558 408 153 309 480
 79 671 880 386 848 629 163 508 662 304
 953 898 21 771 315 566 975 53 932 499
 849 837 0 151 70 349 932 338 899 572
 797 606 501 828 117 522 917 510 664 84
 174 401 484 101 129 474 434 111 200 487
 732 918 912 81 735 305 669 215 760 572
 958 892 750 292 908 929 249 646 213 945
 291 213 841 653 356 96 651 260 188 89
 412 767 170 252 726 786 81 334 733 406
 361 978 558 754 42 908 137 658 209 2
 533 179 629 199 115 651 266 424 353 937
 883 18 978 815 894 179 900 48 303 310
 499 709 667 23 825 252 593 440 386 863
 257 502 771 476 916 675 932 534 810 195
 376 177 139 38 335 60 327 809 746 261
 774 266 612 818 773 651 193 555 258 574
 414 483 159 331 262 995 108 376 149 506
 366 644 125 534 301 925 209 157 241 149
 646 879 746 386 657 94 413 391 513 131
 705 536 42 77 328 483 715 810 94 729
 75 640 273 49 35 60 587 961 686 605
 859 962 972 376 591 524 796 813 694 102
 47 521 353 257 75 185 556 0 742 458
 308 775 328 605 889 650 53 692 374 795
 787 296 695 814 59 130 785 375 844 221
 29 900 498 173 507 679 358 208 988 413
 432 867 150 658 57 503 720 145 685 410
 2 789 961 402 856 254 235 898 497 733
 402 703 59 217 547 213 901 749 559 3
 981 348 994 248 589 171 590 772 82 107
 226 455 337 889 481 970 675 668 548 663
 498 829 412 397 379 456 942 850 170 816
 289 257 956 409 331 2 828 244 783 347
 404 859 107 599 582 491 313 140 413 955
 192 395 464 276 870 392 730 371 407 465
 130 770 60 368 619 7 378 975 595 499
 470 225 771 489 291 670 229 217 361 613
 45 703 87 750 754 954 899 148 423 932
 377 616 372 700 940 204 89 132 604 334
 984 13 917 252 169 380 372 784 599 856
 905 316 349 351 287 344 962 745 565 120
 899 620 632 261 409 863 732 103 169 496
 432 449 362 605 901 911 420 959 718 918
 640 191 918 456 502 110 630 744 603 446
 168 42 860 329 126 279 62 519 426 635
 22 668 914 815 586 659 377 618 33 167
 779 250 518 173 925 126 702 65 573 328
 197 640 204 386 755 422 1 846 483 145
 74 62 194 96 395 952 748 588 40 674
 971 931 242 862 863 950 869 513 688 249
 142 174 61 25 204 72 447 372 847 3
 445 170 402 736 946 455 323 405 745 314
 612 511 546 794 289 740 742 972 341 938
 642 847 317 821 899 151 651 481 243 225
 56 807 148 346 958 358 472 787 692 398
 808 960 453 580 277 114 268 584 14 64
 101 837 778 997 531 141 631 444 5 604
 596 464 730 251 541 104 226 891 502 684
 410 915 214 729 364 228 82 963 355 475
 741 840 771 820 959 425 617 438 950 141
 102 296 7 355 964 448 624 129 67 176
 124 868 630 948 830 183 452 713 855 667
 974 500 579 586 310 591 487 77 177 874
 876 303 37 563 628 247 925 573 407 492
 37 133 862 117 349 535 962 841 270 767
 347 96 125 475 668 941 360 290 629 953
 339