500
 120 241 362 232 63 316 159 107 446 4
 447 269 156 67 381 59 317 383 121 412
 167 280 203 73 277 65 54 207 431 330
 371 35 474 73 373 421 221 331 400 492
 492 53 20 101 325 248 307 252 4 181
 40 125 311 156 142 384 93 356 162 283
 196 277 344 456 493 328 491 43 157 315
 89 361 316 494 177 369 69 151 451 247
 184 158 454 27 368 350 126 214 208 309
 221 323 470 156 240 228 332 350 21 431
 246 197 153 136 150 215 199 336 388 0
 240 8 244 398 37 23 465 325 199 72
 262 238 17 439 19 177 250 105 362 424
 344 264 6 84 483 200 174 246 394 216
 366 245 61 78 29 372 423 413 76 128
 377 186 59 63 144 80 384 351 24 77
 76 440 208 0 489 187 286 273 368 381
 85 132 152 346 457 265 220 3 36 160
 329 488 74 349 248 320 187 164 209 335
 187 483 321 22 227 174 26 124 475 73
 14 380 342 189 10 349 62 61 102 307
 322 22 374 165 345 219 209 382 86 38
 237 53 147 472 114 106 285 184 186 205
 170 483 437 101 313 379 192 383 343 29
 307 49 41 415 413 477 230 161 283 218
 477 171 392 246 127 400 22 486 228 451
 35 138 129 160 298 308 376 256 279 218
 269 281 486 146 403 143 202 139 247 212
 246 495 379 270 361 87 22 175 351 309
 497 366 297 430 2 371 466 24 54 380
 199 182 362 145 492 420 389 147 50 149
 275 12 389 346 27 350 392 26 182 280
 144 87 83 135 129 224 118 481 195 441
 189 8 319 372 205 291 438 432 163 128
 191 326 235 260 334 459 414 429 313 302
 178 236 422 470 119 92 176 87 10 118
 7 171 133 380 76 83 94 392 433 220
 337 302 306 82 285 177 307 418 393 455
 34 111 126 99 325 231 404 108 24 190
 479 417 133 293 52 364 301 256 487 70
 76 333 71 4 228 444 159 247 161 352
 386 138 211 53 401 64 251 118 120 388
 167 287 88 155 284 454 450 47 98 300
 10 84 299 76 453 261 430 179 298 347
 296 341 85 363 342 315 456 493 150 190
 412 154 225 177 288 271 100 198 396 24
 310 308 55 257 398 2 49 151 482 196
 188 349 42 263 343 160 84 484 150 265
 243 101 108 321 381 107 278 146 384 320
 62 479 214 59 479 444 401 285 16 406
 395
 295 577 847 314 119 754 419 301 343 875
 615 374 5 580 965 152 730 852 163 885
 146 539 138 230 967 111 137 627 852 599
 460 907 26 185 758 980 222 279 25 164
 224 17 359 182 430 148 568 329 644 66
 141 253 830 941 24 925 745 806 355 482
 182 303 412 886 519 684 334 780 306 803
 42 360 29 166 519 289 669 683 735 582
 245 781 182 582 818 509 795 175 793 159
 314 611 516 762 376 772 906 401 753 836
 557 984 166 574 13 85 796 838 516 846
 578 133 180 941 531 248 561 562 490 742
 845 641 941 632 85 105 349 382 775 496
 678 632 416 541 759 284 286 350 693 39
 672 105 739 989 255 61 762 420 179 910
 613 331 15 151 432 914 986 410 316 212
 587 489 478 722 161 197 59 829 824 899
 23 488 634 433 505 665 266 801 740 556
 909 587 816 670 945 579 351 648 165 115
 696 368 104 637 966 363 220 66 85 135
 847 221 437 469 6 531 36 971 121 705
 518 175 46 127 202 383 822 128 363 718
 886 204 70 396 482 813 405 597 661 456
 58 781 979 326 322 403 740 267 123 30
 60 339 811 808 659 656 19 495 730 175
 732 655 583 980 242 534 221 70 337 72
 356 2 154 199 342 224 492 771 806 732
 946 156 61 817 13 675 6 707 532 846
 33 395 185 675 180 715 292 564 936 956
 723 519 38 421 675 740 99 718 310 512
 719 622 286 573 286 23 852 911 448 631
 149 716 947 72 238 302 952 384 824 709
 72 230 616 493 900 439 904 273 681 416
 929 978 138 492 921 618 457 642 49 193
 379 843 717 828 338 532 369 320 430 572
 365 186 248 748 445 133 274 637 46 703
 213 557 335 409 613 959 810 487 990 29
 581 22 484 295 105 452 785 616 21 465
 890 674 559 237 604 63 259 414 537 880
 809 684 381 792 972 808 280 895 529 661
 739 980 62 363 70 935 388 397 477 272
 281 239 914 640 242 819 520 716 701 53
 635 797 801 788 749 82 562 408 557 329
 626 541 457 940 427 963 155 531 4 502
 3 298 799 69 386 357 245 620 855 875
 626 98 851 576 84 469 852 344 821 971
 503 16 318 624 262 457 574 518 795 67
 140 4 692 989 901 730 806 296 425 346
 478 667 645 698 262 308 684 272 349 942
 678 613 426 40 96 659 110 261 182 405
 14