250
 303 241 123 169 351 27 133 277 366 357
 315 380 457 451 305 346 333 114 395 34
 35 59 415 137 191 257 34 128 302 390
 212 341 388 97 127 382 312 392 23 52
 99 33 23 341 161 418 42 140 326 488
 426 307 19 117 36 338 394 393 151 161
 415 46 437 89 475 183 343 88 273 176
 449 449 160 117 310 289 114 41 247 324
 148 439 39 342 376 472 163 72 101 395
 135 67 324 145 315 455 456 465 204 394
 477 227 297 16 399 302 234 200 424 364
 29 182 226 40 256 168 355 423 362 318
 280 367 301 308 103 416 483 257 8 65
 310 303 77 144 57 163 498 22 205 485
 11 310 3 493 433 457 114 396 464 68
 180 20 247 118 419 165 217 170 259 31
 80 10 435 123 371 179 210 64 349 348
 445 353 114 127 326 123 252 20 294 162
 367 168 363 26 315 429 190 187 293 452
 392 454 104 253 126 302 275 52 494 152
 55 299 356 292 491 124 40 373 201 288
 498 491 122 151 268 176 27 257 275 129
 247 415 344 366 76 212 311 69 280 180
 363 133 351 299 135 442 125 445 192 441
 125 151 198 431 177 16 103 271 103 139
 284
 890 736 21 622 610 746 8 856 135 142
 829 857 908 892 739 322 410 932 343 941
 136 390 825 557 364 121 2 98 935 130
 646 223 279 606 476 429 406 674 714 495
 995 594 208 443 601 787 521 736 92 149
 105 168 465 937 1 149 612 518 108 971
 785 580 533 701 617 432 198 167 235 235
 571 105 317 809 55 303 920 192 913 835
 835 417 933 456 770 678 92 139 150 240
 559 678 710 145 918 100 254 323 508 284
 4 132 780 164 888 336 961 76 32 250
 493 612 406 248 485 228 808 527 924 444
 866 731 558 551 475 942 634 180 762 709
 2 58 568 299 998 543 585 750 780 226
 644 594 320 394 58 167 637 402 456 330
 46 226 429 207 524 268 110 81 662 616
 237 760 302 189 748 789 216 744 509 338
 864 659 584 341 956 461 814 994 788 515
 466 888 371 102 561 687 591 713 325 548
 906 910 402 72 743 191 733 794 434 365
 3 152 819 610 866 761 548 302 298 22
 805 393 407 659 363 408 753 887 274 621
 651 813 329 958 187 336 987 612 694 102
 828 1 360 13 265 762 671 215 991 814
 973 787 605 592 218 889 257 845 689 364
 876