500
 136 316 49 5 173 226 495 394 326 242
 420 213 247 421 314 269 114 247 260 250
 239 138 254 429 361 313 404 158 180 181
 198 307 100 487 296 492 83 438 160 78
 245 337 131 152 158 137 166 100 394 130
 74 47 470 197 48 254 342 152 492 200
 420 345 396 158 166 97 161 441 169 295
 220 349 324 245 70 267 79 395 307 23
 271 136 102 178 378 395 363 434 434 275
 171 456 22 275 320 379 484 443 442 356
 276 453 184 41 133 491 114 150 156 366
 224 266 49 209 414 213 193 472 488 46
 420 225 160 329 271 149 334 475 7 404
 22 140 31 145 306 62 284 276 483 222
 439 477 75 419 252 112 208 207 19 184
 448 42 203 38 332 79 245 401 409 160
 467 80 357 226 455 71 308 87 35 348
 223 470 392 125 265 393 496 0 71 387
 313 41 76 62 453 160 253 111 12 26
 291 161 186 186 440 28 349 252 182 10
 172 340 470 381 404 208 197 360 453 163
 87 143 335 57 427 246 427 46 190 111
 73 236 385 439 74 95 26 300 276 335
 446 205 16 397 15 50 285 9 20 235
 78 386 446 213 234 300 85 433 407 290
 358 27 461 135 384 458 167 276 116 463
 271 280 164 474 444 421 489 401 298 302
 107 248 26 97 242 156 431 338 314 357
 296 316 400 400 244 205 445 454 345 317
 378 418 476 344 362 426 144 164 59 302
 23 189 77 86 103 249 245 119 477 202
 58 439 29 428 416 94 478 319 323 376
 255 348 35 260 197 372 434 30 375 112
 405 47 301 153 490 157 333 263 387 340
 431 442 72 149 132 23 156 18 182 201
 164 219 377 208 128 195 70 112 402 146
 28 286 382 415 210 32 427 491 254 188
 314 445 483 157 325 480 83 191 145 490
 42 359 136 270 423 305 205 486 413 429
 87 101 262 62 341 16 368 223 281 211
 390 276 117 45 24 338 333 342 102 93
 210 334 209 419 430 285 296 300 475 295
 455 355 171 301 80 431 182 55 492 485
 64 269 459 48 272 389 286 53 129 190
 261 254 71 311 409 90 274 184 37 319
 317 314 418 486 157 219 385 482 439 228
 95 201 202 368 276 261 18 137 256 137
 136 478 139 453 70 120 260 254 104 167
 263 357 303 98 55 375 383 123 111 85
 236 257 168 361 27 351 117 98 252 314
 20
 222 362 88 931 831 408 496 224 307 330
 952 245 355 37 978 896 197 595 504 641
 293 284 77 574 42 542 400 774 917 513
 368 355 333 593 15 355 427 805 934 835
 775 612 939 380 878 252 537 949 150 640
 520 364 733 32 788 581 952 571 564 353
 316 624 735 451 169 284 43 24 749 730
 150 54 91 45 297 397 743 277 403 486
 992 32 287 464 367 586 520 603 296 772
 676 89 209 656 902 5 327 466 284 90
 456 680 456 347 669 720 695 443 238 955
 656 332 655 55 507 701 411 7 384 958
 966 159 234 529 805 721 449 899 9 139
 260 661 249 22 90 164 204 95 286 799
 418 543 857 161 207 349 879 864 749 792
 594 173 692 590 720 617 931 385 74 101
 535 715 441 242 60 378 40 845 79 333
 150 43 941 180 582 709 885 732 879 95
 30 66 746 376 54 1 31 180 759 905
 460 42 462 412 840 3 626 298 101 499
 730 353 126 861 645 67 637 438 724 822
 214 636 692 692 766 105 754 177 382 617
 991 527 185 895 595 582 21 317 935 336
 388 644 279 21 893 853 682 981 591 452
 59 400 819 763 487 663 702 770 365 914
 328 146 538 399 822 576 858 824 253 137
 16 740 630 9 372 992 146 554 154 800
 908 625 788 712 117 588 187 720 800 165
 331 326 309 954 153 809 494 281 599 770
 352 551 406 517 993 149 865 758 720 556
 578 544 866 115 673 587 396 548 431 17
 914 567 602 309 685 22 307 657 904 201
 867 386 376 784 48 212 340 108 361 550
 494 205 81 568 759 990 350 447 992 4
 445 893 750 197 923 372 218 995 220 534
 843 318 111 822 540 555 799 547 274 129
 621 85 860 591 87 541 894 893 352 132
 370 433 146 219 739 264 442 238 939 6
 930 174 974 299 747 244 98 650 44 899
 694 195 105 774 925 122 478 919 563 497
 228 731 94 262 463 951 469 609 172 280
 717 20 578 176 586 826 910 737 979 97
 432 238 84 553 274 621 280 638 415 857
 616 129 265 810 296 820 854 614 833 470
 394 995 977 802 553 505 847 738 754 603
 332 154 538 313 690 705 624 699 90 925
 272 624 541 801 34 935 437 139 629 760
 401 913 190 843 381 525 446 104 666 825
 732 332 435 143 997 38 102 994 935 362
 389 689 765 465 969 0 295 726 633 770
 556