500
 321 147 79 237 200 80 269 497 114 249
 490 436 256 440 258 97 123 15 194 98
 457 130 460 124 173 266 398 444 398 75
 191 306 107 256 21 137 246 459 180 324
 183 178 414 105 102 264 336 299 356 267
 343 438 415 338 362 419 155 84 289 333
 473 142 338 347 80 192 249 61 176 330
 51 8 95 425 66 175 411 482 354 301
 137 204 376 311 268 461 358 80 2 461
 297 136 480 139 375 356 302 324 467 200
 168 16 462 210 438 0 491 272 208 108
 206 264 110 332 91 97 389 175 449 168
 136 416 389 408 353 469 269 268 370 419
 477 418 34 446 283 423 234 439 444 143
 356 337 464 211 206 499 283 234 183 355
 389 97 335 484 338 4 415 430 272 309
 43 482 92 325 147 326 13 8 106 358
 156 494 59 223 128 144 382 197 228 248
 138 222 404 153 384 257 399 74 33 315
 292 361 70 237 470 196 206 176 282 33
 266 278 235 288 446 218 334 163 354 368
 38 217 392 74 78 122 330 181 110 337
 81 153 348 497 499 152 127 428 46 429
 254 39 165 419 75 14 398 225 316 83
 162 177 224 187 2 68 183 374 26 161
 72 196 202 278 114 397 72 174 492 470
 46 414 303 12 192 110 269 320 93 88
 170 265 105 205 108 329 439 269 211 188
 379 346 470 33 394 196 157 23 227 162
 266 216 367 297 48 401 450 155 400 179
 441 290 331 207 21 279 381 165 379 471
 30 166 28 148 11 41 266 286 123 77
 337 236 4 290 56 228 320 207 478 145
 431 184 343 174 180 117 421 88 380 431
 280 293 202 80 262 447 3 487 152 116
 348 71 76 63 148 95 144 259 401 133
 432 130 100 434 393 471 164 420 222 400
 291 319 97 271 186 332 130 277 180 489
 264 168 145 14 174 133 31 210 310 457
 325 21 147 127 379 454 236 177 430 158
 264 173 71 489 116 287 118 134 252 324
 481 22 147 362 356 26 388 126 300 63
 80 241 140 51 451 215 113 195 472 333
 251 293 16 303 143 204 70 319 496 469
 136 409 20 217 373 450 490 371 423 16
 386 326 379 393 327 172 5 393 93 66
 391 121 166 240 43 272 203 35 299 70
 397 295 477 247 164 193 388 265 209 115
 28 341 103 413 268 90 68 40 51 230
 165 308 435 53 57 412 358 411 116 68
 21
 11 111 105 162 772 856 150 500 876 765
 68 924 659 507 63 654 593 215 854 779
 848 250 867 71 989 766 434 551 843 127
 794 383 775 622 840 108 128 632 89 626
 526 914 798 57 139 311 855 595 277 501
 112 555 839 882 832 884 932 591 410 882
 286 469 835 773 666 494 815 19 572 183
 477 105 561 714 317 685 523 836 653 531
 892 889 436 880 833 189 18 593 352 824
 547 546 265 144 803 227 209 505 838 42
 951 622 154 263 711 348 748 670 776 347
 387 345 948 726 329 123 676 319 511 213
 622 913 685 58 509 957 366 890 997 975
 614 578 413 599 402 713 148 848 332 806
 249 64 384 440 535 343 201 157 881 656
 832 892 548 307 96 153 446 481 183 393
 986 304 846 331 711 472 635 823 634 424
 954 580 476 892 326 785 220 813 853 142
 932 353 978 367 986 133 293 340 57 621
 421 172 312 174 901 914 904 319 209 367
 875 396 309 530 373 518 539 546 802 155
 699 299 640 759 774 201 264 822 285 371
 686 117 446 368 868 89 827 641 672 635
 26 714 526 830 643 435 889 152 934 190
 508 730 783 807 781 807 677 653 762 560
 579 652 687 665 677 961 23 288 809 384
 715 680 81 41 713 349 903 333 845 535
 771 421 882 889 79 977 837 545 361 611
 366 550 43 564 49 981 488 233 600 731
 789 444 743 258 22 60 847 256 725 408
 86 592 265 151 887 876 83 594 92 160
 577 250 232 68 190 473 755 125 486 324
 379 325 211 419 631 491 914 954 45 713
 730 708 765 596 43 752 863 526 353 614
 295 131 365 651 229 842 869 944 993 356
 142 307 754 299 260 874 457 607 556 519
 68 859 30 908 773 279 7 234 348 47
 855 66 5 7 120 8 201 205 591 878
 659 22 366 650 960 625 961 60 186 600
 878 608 27 306 844 178 583 495 55 915
 525 243 740 506 200 769 397 165 803 286
 712 790 160 793 43 351 307 161 788 750
 494 627 458 609 397 639 971 621 201 346
 263 188 558 144 134 377 167 394 103 330
 429 892 151 361 731 687 668 860 852 402
 790 471 889 928 2 446 446 593 209 525
 867 111 843 873 774 472 126 941 934 683
 120 203 805 414 642 807 137 110 21 100
 215 889 299 195 478 649 885 975 172 467
 906 624 88 408 769 464 932 421 108 831
 74