250
 384 421 208 91 420 99 62 263 459 268
 228 282 110 392 180 162 463 209 474 224
 469 154 183 286 430 128 244 334 42 485
 27 234 255 132 75 0 29 307 216 107
 487 392 66 265 175 63 365 59 351 497
 496 366 271 224 27 69 480 9 196 327
 178 97 328 386 352 28 137 382 377 411
 416 325 146 245 483 466 19 417 291 289
 326 202 64 366 270 240 333 376 76 394
 414 147 30 248 423 256 42 369 298 58
 77 196 85 40 272 401 8 459 123 350
 162 303 420 64 394 240 396 385 65 464
 462 126 53 357 471 255 59 33 344 407
 407 311 448 410 473 290 456 153 202 91
 396 130 334 371 80 34 452 394 127 92
 499 24 19 111 115 368 252 245 357 81
 94 182 354 389 445 399 142 76 0 211
 55 279 204 76 154 240 39 335 440 193
 424 314 81 254 331 152 476 449 10 385
 157 283 487 26 466 249 424 418 0 75
 35 174 466 169 449 286 398 303 250 414
 58 261 458 255 332 42 87 200 242 50
 64 237 217 55 100 243 366 459 456 40
 367 152 334 107 380 286 479 446 375 146
 454 464 124 323 106 472 145 106 420 326
 178
 96 651 260 188 89 412 767 170 252 726
 786 81 334 733 406 361 978 558 754 42
 908 137 658 209 2 533 179 629 199 115
 651 266 424 353 937 883 18 978 815 894
 179 900 48 303 310 499 709 667 23 825
 252 593 440 386 863 257 502 771 476 916
 675 932 534 810 195 376 177 139 38 335
 60 327 809 746 261 774 266 612 818 773
 651 193 555 258 574 414 483 159 331 262
 995 108 376 149 506 366 644 125 534 301
 925 209 157 241 149 646 879 746 386 657
 94 413 391 513 131 705 536 42 77 328
 483 715 810 94 729 75 640 273 49 35
 60 587 961 686 605 859 962 972 376 591
 524 796 813 694 102 47 521 353 257 75
 185 556 0 742 458 308 775 328 605 889
 650 53 692 374 795 787 296 695 814 59
 130 785 375 844 221 29 900 498 173 507
 679 358 208 988 413 432 867 150 658 57
 503 720 145 685 410 2 789 961 402 856
 254 235 898 497 733 402 703 59 217 547
 213 901 749 559 3 981 348 994 248 589
 171 590 772 82 107 226 455 337 889 481
 970 675 668 548 663 498 829 412 397 379
 456 942 850 170 816 289 257 956 409 331
 2