250
 439 74 95 26 300 276 335 446 205 16
 397 15 50 285 9 20 235 78 386 446
 213 234 300 85 433 407 290 358 27 461
 135 384 458 167 276 116 463 271 280 164
 474 444 421 489 401 298 302 107 248 26
 97 242 156 431 338 314 357 296 316 400
 400 244 205 445 454 345 317 378 418 476
 344 362 426 144 164 59 302 23 189 77
 86 103 249 245 119 477 202 58 439 29
 428 416 94 478 319 323 376 255 348 35
 260 197 372 434 30 375 112 405 47 301
 153 490 157 333 263 387 340 431 442 72
 149 132 23 156 18 182 201 164 219 377
 208 128 195 70 112 402 146 28 286 382
 415 210 32 427 491 254 188 314 445 483
 157 325 480 83 191 145 490 42 359 136
 270 423 305 205 486 413 429 87 101 262
 62 341 16 368 223 281 211 390 276 117
 45 24 338 333 342 102 93 210 334 209
 419 430 285 296 300 475 295 455 355 171
 301 80 431 182 55 492 485 64 269 459
 48 272 389 286 53 129 190 261 254 71
 311 409 90 274 184 37 319 317 314 418
 486 157 219 385 482 439 228 95 201 202
 368 276 261 18 137 256 137 136 478 139
 453
 141 241 521 509 208 334 527 715 607 196
 111 751 767 247 222 171 472 515 337 722
 54 702 235 196 505 628 40 222 362 88
 931 831 408 496 224 307 330 952 245 355
 37 978 896 197 595 504 641 293 284 77
 574 42 542 400 774 917 513 368 355 333
 593 15 355 427 805 934 835 775 612 939
 380 878 252 537 949 150 640 520 364 733
 32 788 581 952 571 564 353 316 624 735
 451 169 284 43 24 749 730 150 54 91
 45 297 397 743 277 403 486 992 32 287
 464 367 586 520 603 296 772 676 89 209
 656 902 5 327 466 284 90 456 680 456
 347 669 720 695 443 238 955 656 332 655
 55 507 701 411 7 384 958 966 159 234
 529 805 721 449 899 9 139 260 661 249
 22 90 164 204 95 286 799 418 543 857
 161 207 349 879 864 749 792 594 173 692
 590 720 617 931 385 74 101 535 715 441
 242 60 378 40 845 79 333 150 43 941
 180 582 709 885 732 879 95 30 66 746
 376 54 1 31 180 759 905 460 42 462
 412 840 3 626 298 101 499 730 353 126
 861 645 67 637 438 724 822 214 636 692
 692 766 105 754 177 382 617 991 527 185
 895