500
 173 466 220 109 470 304 63 488 278 422
 365 275 296 272 37 172 204 318 375 41
 157 220 20 279 200 116 194 211 481 153
 455 38 374 141 39 124 28 376 485 407
 435 443 8 295 112 145 230 496 278 48
 296 314 61 13 496 493 266 258 368 5
 310 472 395 204 467 189 446 431 89 486
 345 215 204 319 1 159 497 439 414 377
 267 155 118 394 94 290 439 492 422 297
 318 270 288 207 448 347 11 484 348 428
 209 415 67 458 340 378 109 280 476 429
 398 325 468 133 396 254 128 212 258 177
 140 193 99 7 265 51 37 211 111 407
 370 388 159 125 137 473 152 233 180 111
 111 316 454 139 319 331 412 66 193 139
 10 325 360 135 209 436 323 36 183 352
 112 346 260 231 448 196 264 257 411 359
 220 307 267 10 117 335 145 94 481 303
 125 239 428 123 230 62 355 296 189 475
 464 361 55 152 314 77 393 171 390 200
 5 129 108 26 434 200 389 109 276 102
 458 261 90 294 295 225 210 352 213 124
 350 394 62 443 47 10 381 492 66 45
 325 355 8 67 241 499 178 373 43 434
 498 63 454 61 387 279 469 472 122 407
 255 66 141 269 206 107 248 244 71 3
 418 263 50 133 398 24 335 358 194 298
 267 345 326 338 199 200 315 245 395 333
 366 138 385 188 336 142 46 341 37 224
 178 61 183 70 320 225 237 37 183 356
 211 282 493 69 491 154 14 412 368 120
 349 376 405 182 465 29 276 361 95 126
 193 327 216 32 180 298 75 403 226 492
 453 90 293 447 116 194 221 93 245 483
 46 439 376 53 277 488 3 265 487 226
 183 42 2 262 81 341 471 103 185 91
 239 211 334 478 123 178 82 411 278 252
 383 497 487 2 211 3 274 25 140 22
 184 10 284 327 10 219 83 409 119 26
 135 119 76 55 227 407 295 278 117 91
 6 209 80 221 325 17 40 459 440 153
 433 119 165 261 459 14 448 148 121 106
 280 334 188 494 241 267 474 16 68 2
 328 435 376 163 389 49 264 461 184 177
 459 298 315 486 370 328 288 350 32 421
 178 289 497 255 255 363 54 265 241 387
 262 489 311 487 43 257 359 495 154 402
 56 361 56 407 220 48 454 194 58 379
 24 401 105 293 178 485 211 123 102 65
 179 284 130 182 215 134 458 243 285 190
 277
 363 31 970 663 812 652 946 538 46 7
 574 421 135 681 374 607 935 218 52 763
 183 804 711 385 350 417 713 401 436 940
 395 577 331 407 753 918 663 322 803 257
 77 493 428 358 344 415 141 193 920 225
 94 27 14 779 340 619 575 124 175 73
 751 269 604 498 5 574 836 552 698 683
 4 856 294 733 858 567 624 597 391 563
 919 503 350 754 798 679 110 962 149 256
 43 21 315 602 91 627 879 377 42 179
 702 406 313 319 475 220 202 521 194 608
 208 437 643 434 830 220 159 670 923 908
 333 611 21 729 519 946 338 981 888 457
 590 456 580 632 470 86 417 587 663 348
 832 932 774 888 379 21 65 951 48 428
 382 378 99 989 569 952 678 244 877 8
 667 485 119 861 183 535 626 255 93 819
 179 791 117 977 118 664 139 85 305 836
 422 49 651 57 459 166 112 149 583 108
 795 54 903 209 60 411 727 22 62 492
 599 621 462 306 961 905 767 275 967 684
 276 80 166 465 928 211 294 759 486 230
 720 101 902 86 682 594 705 617 696 195
 27 134 477 768 693 447 967 496 534 898
 429 943 512 997 200 614 466 930 362 689
 940 712 551 409 571 208 493 391 874 454
 376 494 121 668 754 194 927 206 559 239
 811 813 692 708 141 103 443 562 714 551
 895 676 693 875 588 420 367 101 151 803
 105 538 853 760 456 538 971 379 728 163
 989 878 986 412 744 927 391 383 935 391
 160 416 631 934 291 705 440 607 915 254
 659 876 255 610 931 101 176 574 197 941
 526 434 675 23 631 457 229 745 336 972
 229 23 905 233 421 408 629 741 616 97
 407 624 126 978 602 455 117 54 310 862
 279 846 870 275 986 969 548 971 773 776
 538 537 177 870 347 427 760 172 345 479
 604 946 974 839 683 220 314 740 607 761
 873 664 217 950 979 416 268 564 685 25
 996 704 301 503 612 256 588 915 118 960
 173 743 929 440 986 228 190 455 724 972
 276 534 27 859 258 558 249 138 557 149
 125 419 822 810 879 689 669 821 892 640
 852 506 611 422 25 247 791 495 440 999
 750 176 568 999 243 315 131 523 780 779
 573 384 39 813 583 837 98 256 842 174
 929 309 344 530 216 229 912 810 147 364
 760 282 535 311 64 707 957 21 884 441
 533 341 175 599 439 386 400 27 199 90
 75