500
 92 486 267 277 383 369 423 213 57 326
 0 400 353 9 10 342 241 308 419 329
 288 61 432 71 86 434 483 329 403 84
 426 33 109 313 320 318 409 395 350 285
 55 478 377 119 84 346 170 385 431 288
 340 222 158 299 37 411 375 299 386 319
 22 285 285 112 263 40 378 407 419 206
 14 323 125 161 123 320 68 129 99 298
 451 0 332 111 316 234 310 206 74 491
 86 403 63 126 187 286 249 67 154 4
 485 59 200 138 453 226 416 144 242 349
 443 204 111 448 6 260 186 237 83 340
 224 108 404 34 214 303 206 495 467 163
 398 406 263 268 342 295 321 449 39 461
 245 107 401 229 386 302 408 90 499 163
 318 457 141 141 174 234 65 58 411 224
 439 340 279 248 105 194 142 180 277 232
 323 106 41 291 481 390 171 402 199 35
 173 440 414 440 210 226 390 164 311 162
 30 244 424 7 6 392 359 118 48 386
 343 400 15 298 337 231 350 10 179 270
 389 4 63 318 357 99 20 365 184 325
 316 371 90 414 128 180 417 231 251 200
 128 394 247 125 482 273 290 49 288 184
 7 305 144 147 381 402 207 157 356 355
 397 18 18 372 386 285 241 186 270 108
 35 151 186 433 331 311 12 472 258 499
 22 9 149 482 199 440 161 315 483 18
 197 412 57 222 474 327 154 127 81 358
 71 179 462 89 431 203 418 256 229 74
 400 11 169 107 18 269 348 473 67 406
 494 243 494 176 60 121 45 126 462 127
 354 322 343 424 137 41 321 398 260 115
 452 264 197 469 179 3 389 188 146 204
 138 18 283 393 158 121 107 421 103 452
 288 383 464 240 198 460 404 207 91 88
 344 408 128 421 375 367 293 412 57 236
 60 492 447 459 333 316 388 124 466 426
 319 258 87 151 377 95 345 58 144 247
 461 347 58 190 338 440 443 400 350 477
 7 290 339 459 304 56 212 121 126 294
 409 477 254 313 167 13 454 305 208 323
 217 306 454 68 198 426 320 139 466 220
 334 482 201 446 206 1 419 301 169 127
 457 180 288 321 218 229 248 429 278 226
 421 55 107 151 494 250 94 125 374 72
 342 141 366 152 213 20 282 67 267 138
 484 11 7 272 178 422 128 70 201 433
 430 318 114 209 399 341 92 94 4 168
 477 322 489 98 204 313 317 47 138 248
 265
 950 958 845 658 122 300 427 985 433 958
 339 908 67 846 849 574 327 640 765 366
 992 840 564 962 950 858 646 507 809 688
 834 619 136 593 392 484 622 215 384 61
 553 519 111 509 873 23 794 594 627 380
 389 357 396 971 163 505 780 283 617 561
 475 841 932 446 376 210 326 259 873 505
 526 312 390 932 384 430 348 876 41 76
 539 672 918 524 669 481 732 755 328 378
 532 564 9 956 399 389 923 833 105 138
 750 183 44 414 771 532 810 344 415 858
 971 63 795 530 192 509 458 388 424 713
 907 26 509 475 42 557 566 567 786 881
 867 286 64 724 885 465 344 705 244 419
 407 124 57 50 913 28 985 819 26 285
 210 131 600 70 48 586 575 928 959 118
 610 889 604 432 663 623 632 367 901 149
 847 361 766 631 814 995 937 582 384 225
 576 248 702 179 642 70 742 335 134 951
 478 923 382 889 532 110 690 651 794 758
 709 485 23 76 606 385 440 161 239 682
 222 487 879 125 856 427 289 522 756 927
 938 162 307 95 629 723 979 453 660 251
 568 991 853 859 914 549 870 352 697 96
 541 701 336 352 760 537 837 932 359 260
 883 560 770 101 508 377 659 99 934 516
 720 913 575 569 388 654 439 790 200 245
 94 257 735 656 548 452 548 920 328 575
 247 688 54 96 285 502 847 86 647 411
 355 936 206 431 587 800 322 752 777 411
 867 19 269 674 797 954 809 669 841 43
 814 947 575 56 482 353 409 859 556 954
 992 323 13 396 957 92 529 631 70 372
 356 706 699 540 321 808 705 281 847 546
 441 392 697 76 783 356 795 273 842 679
 619 680 935 959 15 373 63 611 483 469
 659 624 749 757 234 48 488 788 474 740
 718 599 386 138 603 365 68 448 243 531
 979 381 815 910 338 387 825 131 177 100
 134 473 281 7 109 420 636 853 791 41
 567 819 981 767 46 363 457 813 537 353
 741 9 766 133 757 224 522 574 950 510
 651 447 480 998 956 874 947 289 231 101
 104 884 861 390 270 86 76 820 619 675
 666 423 598 887 539 302 757 483 413 921
 921 699 910 385 353 610 209 973 325 1
 275 353 326 441 26 957 934 197 314 706
 187 156 507 844 184 227 567 13 300 155
 436 519 427 176 776 889 37 263 901 704
 359 195 66 187 787 942 113 263 866 548
 775