500
 15 90 379 452 230 21 231 206 420 1
 313 149 50 249 365 176 63 430 322 33
 318 219 362 411 107 318 346 346 383 52
 377 88 191 308 495 263 92 447 297 291
 10 158 467 168 194 322 139 10 446 426
 341 490 295 226 29 200 409 381 243 331
 351 385 182 457 164 73 269 199 411 288
 429 412 126 68 8 370 315 4 186 496
 73 277 77 400 454 312 394 356 58 294
 93 360 400 82 165 163 154 477 76 404
 247 140 299 385 176 275 203 258 496 74
 432 379 360 278 289 272 433 57 336 293
 198 274 215 8 457 283 301 154 342 11
 153 328 452 100 433 193 188 392 24 106
 170 54 180 275 247 102 40 284 379 495
 175 223 496 2 222 446 375 98 461 186
 109 497 110 267 421 159 55 411 270 277
 399 273 137 64 310 42 430 295 43 270
 447 446 176 66 185 216 73 109 369 132
 221 119 469 3 465 87 487 149 373 122
 49 325 22 449 347 97 52 387 462 61
 239 459 281 248 114 365 47 131 231 475
 234 304 86 140 358 10 289 88 293 413
 455 368 489 48 216 119 42 276 137 310
 140 319 207 428 308 64 132 405 148 410
 427 307 416 235 197 497 488 401 276 252
 423 369 377 301 166 77 269 156 345 352
 312 349 45 462 136 312 270 400 17 467
 218 69 314 380 200 456 95 421 190 262
 223 52 333 412 366 166 217 71 498 19
 51 497 467 181 194 344 382 232 484 0
 147 363 316 385 278 462 481 485 337 71
 144 23 397 444 76 297 340 83 162 243
 196 404 333 26 397 383 286 375 283 188
 132 365 387 166 307 0 439 368 176 375
 160 378 102 307 275 451 194 106 228 373
 171 248 249 416 42 325 72 420 302 458
 392 455 199 127 89 38 377 66 168 144
 372 180 72 200 8 442 421 97 441 267
 31 347 396 496 57 142 253 102 418 291
 398 342 384 160 22 179 313 254 234 259
 413 288 461 240 236 124 58 366 404 158
 311 206 431 384 393 347 182 303 450 239
 120 86 333 322 482 121 252 187 197 6
 168 220 12 466 260 135 30 355 479 38
 233 220 317 110 271 441 42 285 352 1
 435 462 154 265 127 151 347 319 39 186
 128 489 53 388 386 420 60 444 128 9
 497 68 109 124 359 232 316 13 279 450
 3 176 419 212 477 268 257 119 315 236
 442
 821 767 153 572 459 172 964 600 435 780
 803 88 875 920 17 618 272 7 747 550
 180 500 629 303 841 553 181 330 514 159
 381 660 131 599 40 550 435 826 477 861
 477 283 410 725 158 934 280 181 667 204
 651 720 774 643 232 256 762 341 249 985
 715 307 781 986 789 83 788 949 617 440
 684 833 61 42 101 399 887 841 643 897
 132 148 476 687 356 502 385 873 910 353
 454 492 423 285 163 88 532 329 10 389
 475 911 723 108 378 313 340 955 100 217
 62 477 607 136 155 222 325 202 581 673
 285 653 528 49 127 897 61 732 545 717
 904 91 492 103 482 951 578 829 2 952
 144 445 330 135 697 206 578 210 51 396
 584 279 932 299 14 564 897 822 816 660
 684 583 668 724 520 958 362 894 236 512
 75 153 624 749 934 747 111 545 50 131
 611 57 405 977 375 552 684 963 835 186
 383 49 91 869 533 792 91 415 111 672
 593 520 39 535 621 183 809 860 364 575
 621 873 90 944 974 980 23 669 449 456
 369 228 830 369 731 940 784 410 479 366
 145 546 783 27 430 619 722 393 331 605
 710 71 900 119 220 192 911 702 534 919
 290 723 443 617 703 21 895 758 462 965
 664 158 837 725 650 624 499 308 115 771
 0 262 918 454 25 781 362 783 496 966
 843 966 735 628 377 839 810 206 853 566
 900 431 173 256 630 730 637 821 541 327
 134 130 319 393 70 427 15 191 375 198
 687 204 543 219 50 242 808 290 372 692
 93 456 844 237 495 915 286 880 498 600
 713 173 324 748 956 653 286 890 543 518
 480 544 391 550 359 45 871 420 227 33
 713 473 612 91 223 707 696 726 451 471
 730 378 744 577 275 271 965 436 743 794
 71 952 852 375 461 345 10 302 948 479
 886 133 315 142 906 566 116 402 342 674
 657 961 889 551 699 612 222 255 200 146
 776 362 745 87 287 210 605 499 769 644
 787 558 487 722 477 434 475 662 87 164
 353 476 315 6 597 537 476 115 249 979
 193 827 915 797 306 484 840 733 25 35
 124 782 514 108 853 136 136 995 565 200
 112 858 800 5 899 148 39 339 683 506
 945 685 248 536 449 695 43 313 954 720
 389 783 320 587 157 482 441 73 784 568
 614 329 878 657 981 330 234 331 732 218
 494 170 460 519 703 686 473 800 912 783
 106