250
 214 471 256 498 100 307 233 465 181 344
 470 356 275 204 285 104 246 195 437 227
 188 247 60 334 377 97 463 103 279 119
 405 406 346 354 70 51 221 281 357 275
 447 338 346 437 294 210 183 50 75 401
 52 269 426 380 228 269 485 189 364 81
 494 439 493 206 372 463 195 191 467 195
 80 208 315 467 145 352 220 303 457 127
 329 438 127 305 465 50 88 287 98 470
 263 217 337 11 315 228 114 372 168 486
 114 11 452 116 210 204 314 370 308 48
 203 312 63 489 301 227 58 27 155 431
 139 423 435 137 493 484 274 485 386 388
 269 268 88 435 173 213 380 86 172 239
 302 473 487 419 341 110 157 370 303 380
 436 332 108 475 489 208 134 282 342 12
 498 352 150 251 306 128 294 457 59 480
 86 371 464 220 493 114 95 227 362 486
 138 267 13 429 129 279 124 69 278 74
 62 209 411 405 439 344 334 410 446 320
 426 253 305 211 12 123 395 247 220 499
 375 88 284 499 121 157 65 261 390 389
 286 192 19 406 291 418 49 128 421 87
 464 154 172 265 108 114 456 405 73 182
 380 141 267 155 32 353 478 10 442 220
 266
 341 175 599 439 386 400 27 199 90 75
 15 66 18 287 644 749 32 894 22 167
 970 141 970 529 428 296 484 25 265 670
 126 831 981 452 487 743 94 544 576 593
 89 341 256 16 124 557 480 467 818 585
 759 588 5 142 577 995 608 705 320 400
 680 191 763 850 248 980 540 562 876 547
 83 941 405 17 273 385 104 687 994 418
 796 763 767 698 530 500 536 192 950 165
 872 576 660 876 87 847 754 385 887 637
 25 448 660 866 599 817 583 157 14 996
 698 800 622 196 822 786 277 818 324 717
 480 826 888 560 343 699 146 672 936 174
 309 629 454 287 84 456 503 734 962 99
 629 809 976 250 681 534 863 519 698 359
 967 612 434 277 966 645 369 880 295 508
 418 822 481 317 537 665 769 991 659 736
 776 544 63 430 176 220 380 484 676 63
 561 588 888 492 426 991 15 498 617 34
 471 298 826 810 497 750 625 511 711 744
 463 251 806 791 981 138 99 634 160 196
 489 658 853 408 970 405 121 262 37 266
 897 845 814 759 878 545 31 222 746 838
 821 683 784 984 123 401 367 741 281 63
 177 814 726 520 971 657 540 569 167 643
 543