250
 177 378 422 490 452 186 242 134 306 115
 311 227 143 222 1 21 80 206 30 138
 207 401 47 165 390 443 86 395 21 54
 179 22 312 165 218 224 186 355 435 261
 383 442 55 232 450 86 334 26 334 9
 316 213 354 168 313 384 384 477 215 14
 498 25 110 88 291 123 26 65 375 226
 314 55 305 12 156 192 236 216 72 181
 208 403 120 349 302 14 338 334 62 378
 83 130 238 473 25 470 30 249 274 315
 164 323 450 102 280 489 333 418 19 435
 406 470 307 419 331 430 454 107 272 457
 95 264 367 257 25 486 145 204 218 110
 348 127 156 34 428 143 47 323 391 127
 86 160 182 327 199 157 477 113 107 287
 143 41 193 260 367 188 268 25 157 139
 249 117 355 292 28 382 259 107 408 405
 347 369 484 283 460 204 161 485 420 371
 168 480 242 208 35 456 492 104 189 232
 411 125 394 101 200 214 368 313 54 267
 152 455 117 362 36 313 329 109 6 435
 297 370 86 201 130 135 475 78 425 423
 231 305 247 409 68 375 413 499 316 406
 41 464 141 327 286 402 476 449 487 479
 284 14 52 398 304 319 443 216 167 405
 343
 714 575 803 47 435 33 837 201 592 277
 810 308 642 167 540 272 682 711 213 206
 786 694 193 60 532 981 247 201 417 333
 685 947 564 80 175 976 243 563 207 34
 408 461 531 489 709 227 959 765 210 741
 161 299 331 514 480 888 659 246 587 672
 173 165 666 251 468 209 440 547 481 93
 375 663 653 0 648 446 911 918 144 706
 999 494 17 932 814 676 816 872 21 224
 672 291 901 566 439 488 173 862 393 791
 524 555 861 396 272 785 65 570 110 961
 249 482 277 276 183 504 42 512 501 714
 552 792 387 835 411 341 310 785 467 455
 536 477 733 487 799 543 863 954 978 992
 376 458 576 485 777 392 271 17 199 645
 588 943 576 599 562 444 22 650 665 70
 206 398 544 450 345 128 45 757 330 712
 615 684 391 254 998 558 144 646 536 96
 202 92 398 589 132 92 944 232 288 358
 302 277 156 283 332 753 649 694 471 706
 555 158 125 137 755 920 619 304 281 661
 364 131 329 381 975 204 799 294 844 455
 577 262 921 355 577 358 196 70 35 176
 221 793 813 77 709 101 988 796 475 121
 842 938 954 150 902 388 797 646 586 361
 183