500
 287 213 295 146 225 150 386 59 482 57
 376 336 78 131 67 119 440 205 99 288
 214 187 168 488 143 375 311 120 427 137
 322 182 295 330 152 425 199 388 191 140
 359 453 289 121 65 173 70 93 298 146
 300 275 407 146 283 38 432 309 211 137
 157 203 280 201 263 382 114 120 158 355
 400 34 249 105 196 205 429 102 145 47
 60 169 171 291 146 227 135 33 115 49
 460 413 287 89 407 476 487 255 353 221
 489 448 234 146 447 250 39 452 450 126
 375 38 260 32 227 258 241 327 100 393
 86 313 459 234 242 59 16 76 107 326
 288 92 421 412 227 349 81 380 208 129
 449 418 400 17 241 69 390 320 325 326
 419 248 403 413 431 475 326 401 2 216
 263 88 412 94 372 60 249 15 264 308
 73 233 237 231 60 52 226 21 317 86
 31 286 130 166 178 436 238 51 2 302
 338 439 85 81 371 156 249 58 419 287
 88 334 210 134 214 115 481 64 126 155
 469 499 164 153 19 378 137 251 123 163
 42 476 15 185 310 191 372 73 309 447
 21 349 13 34 155 462 1 182 479 108
 367 54 40 391 137 309 248 363 79 79
 199 108 306 58 242 166 474 41 330 48
 410 0 460 193 91 483 318 99 281 225
 29 137 399 374 204 496 56 427 29 431
 159 135 369 247 135 199 81 12 97 481
 449 135 169 495 274 234 125 433 220 235
 112 138 237 47 477 274 162 158 184 288
 308 445 274 362 261 151 256 181 11 10
 167 380 54 117 391 421 71 301 377 265
 433 298 185 310 410 109 144 249 423 165
 302 246 268 180 496 324 63 10 380 60
 34 283 19 437 77 8 295 247 238 403
 143 104 395 498 319 223 267 434 18 420
 196 326 297 127 405 165 361 9 390 266
 147 322 405 150 184 358 99 361 272 176
 446 330 391 133 82 248 480 149 331 124
 91 292 389 439 173 482 125 176 448 328
 212 73 276 407 360 35 49 471 196 339
 171 465 256 143 464 382 414 110 481 12
 311 273 213 369 402 364 117 451 2 103
 395 11 189 146 164 115 276 247 292 233
 320 199 191 378 161 97 261 13 265 143
 29 335 12 207 402 495 156 276 17 118
 245 176 399 344 197 272 277 487 398 439
 153 441 49 488 164 277 176 5 2 412
 249 310 232 112 104 9 169 451 358 200
 140
 409 798 70 471 54 288 100 782 807 810
 347 797 573 292 834 383 945 45 249 977
 692 939 22 810 563 182 427 492 555 461
 363 845 181 326 819 343 784 350 307 404
 169 561 704 63 233 712 731 904 632 687
 586 504 459 656 116 860 806 381 914 816
 506 626 43 703 595 639 6 883 281 510
 590 46 420 493 992 417 889 844 647 563
 143 353 329 433 698 99 765 888 340 800
 422 706 577 524 48 951 132 104 207 163
 932 141 638 494 520 482 134 744 663 249
 269 318 90 364 352 450 516 70 578 902
 627 302 978 55 59 86 754 452 830 718
 769 677 889 401 451 120 249 514 59 806
 401 148 900 752 399 427 402 543 14 87
 872 152 857 344 532 63 803 786 312 53
 848 907 709 195 942 78 658 441 773 303
 863 298 611 821 587 772 793 95 936 340
 510 68 17 403 258 412 303 38 874 990
 958 272 467 317 399 730 95 530 87 60
 88 203 898 951 104 884 220 517 477 362
 237 848 223 249 342 47 555 94 136 427
 625 197 97 951 933 712 497 12 955 541
 396 568 139 592 118 683 338 372 437 611
 329 413 799 611 381 567 320 997 956 774
 74 86 828 788 86 903 564 673 91 864
 64 121 642 43 807 206 230 286 710 256
 29 940 209 255 601 864 991 412 582 718
 795 76 745 503 346 258 652 663 192 600
 533 0 937 664 477 739 969 375 47 962
 777 956 395 786 61 480 591 808 525 788
 147 507 317 599 780 971 795 366 633 876
 759 514 554 142 860 539 196 701 229 689
 228 569 229 762 689 542 96 958 223 101
 979 811 302 604 783 212 180 224 730 520
 18 394 27 322 276 240 805 796 526 75
 656 174 331 437 889 423 103 985 632 703
 80 939 46 430 421 786 475 284 62 914
 724 644 885 179 333 124 12 686 22 914
 316 627 391 832 505 640 754 239 699 37
 487 123 319 370 25 431 969 799 772 776
 718 506 654 608 125 822 101 342 936 189
 616 232 661 358 138 865 252 619 563 454
 16 245 594 839 312 164 969 404 650 268
 536 213 64 732 171 938 508 768 849 890
 890 792 617 615 390 161 912 407 575 194
 765 193 475 363 757 577 145 83 443 889
 668 574 421 401 412 818 456 102 240 722
 12 801 196 23 71 469 244 769 519 836
 994 434 772 481 904 539 71 746 765 191
 944