500
 248 339 316 208 270 379 142 143 175 346
 19 336 52 369 494 127 30 381 210 89
 455 306 165 7 75 216 457 493 205 158
 106 293 244 239 361 80 98 29 414 412
 449 11 244 317 216 252 332 133 400 370
 278 454 293 408 335 472 289 175 324 82
 57 348 184 52 318 483 181 110 33 42
 67 423 110 218 234 3 265 18 485 60
 352 259 87 23 63 101 191 411 64 181
 359 443 102 35 198 241 406 202 298 330
 228 29 390 489 163 161 201 370 133 61
 15 30 169 405 404 329 328 9 247 365
 87 366 327 291 490 121 267 110 35 168
 36 178 1 77 99 171 112 246 385 403
 366 473 78 30 408 6 337 3 353 266
 423 16 197 92 337 90 357 146 282 468
 478 361 259 19 210 337 370 49 359 155
 256 359 311 143 286 143 11 426 455 224
 315 74 358 473 36 119 151 476 192 412
 354 36 115 308 246 450 219 452 136 340
 208 464 489 69 246 460 309 228 321 24
 96 189 421 358 414 169 266 184 160 215
 286 182 93 124 374 222 66 137 318 23
 351 106 278 167 204 306 479 405 243 495
 14 290 11 242 147 52 226 392 308 10
 232 445 337 279 118 302 31 129 207 268
 440 404 342 190 396 486 404 140 447 264
 330 369 490 31 181 35 467 194 198 238
 136 140 119 457 320 121 409 260 358 350
 26 317 398 400 394 374 41 281 204 278
 164 313 270 228 470 213 481 77 265 2
 251 1 149 399 34 193 178 122 310 427
 437 313 49 425 288 42 234 426 172 410
 485 251 8 159 312 131 228 287 259 397
 33 70 2 346 494 450 365 403 148 212
 173 239 333 322 349 131 154 342 136 174
 471 339 306 213 20 48 329 55 130 91
 202 7 394 486 223 422 427 269 492 185
 303 4 478 95 189 236 344 432 229 488
 45 409 416 310 417 234 467 360 317 497
 445 369 247 111 404 384 464 130 339 417
 454 267 123 379 225 467 6 305 388 140
 149 458 138 206 99 373 489 466 67 441
 92 410 189 257 292 331 82 295 361 387
 230 467 371 327 480 209 12 205 261 317
 235 195 105 492 60 269 275 439 63 497
 354 383 142 347 247 156 122 191 80 477
 108 144 243 103 191 225 36 73 230 361
 349 111 6 121 100 45 101 274 194 467
 255 186 362 442 0 380 79 300 351 154
 413
 980 373 600 968 350 1 270 747 661 507
 90 748 799 151 618 93 722 503 271 724
 596 53 37 471 141 294 489 861 408 143
 779 679 831 534 599 468 468 429 453 703
 315 593 272 394 682 237 372 69 843 450
 868 283 783 301 352 672 801 739 720 623
 578 59 727 167 308 998 701 242 778 664
 428 377 243 864 792 368 368 620 420 282
 763 97 794 511 274 681 683 986 410 195
 723 61 390 732 996 81 958 152 533 225
 272 581 504 278 531 649 45 408 401 877
 468 385 981 886 222 761 320 195 412 64
 906 991 630 789 454 888 772 633 553 362
 14 362 255 948 727 314 108 369 701 144
 420 843 633 106 829 426 498 170 406 780
 859 176 505 768 20 269 609 311 549 503
 996 910 562 902 581 280 790 960 378 415
 697 611 128 30 575 232 3 258 811 720
 583 417 70 858 402 185 858 933 761 98
 508 363 389 387 492 637 346 352 300 221
 133 300 765 753 355 516 567 50 392 26
 391 966 679 711 874 498 832 363 809 403
 23 588 250 830 773 50 75 10 597 754
 553 218 789 567 962 756 644 555 97 138
 597 438 844 189 951 182 468 485 505 281
 382 111 817 385 153 48 172 753 957 870
 666 589 574 366 735 478 174 692 623 950
 29 407 187 419 510 903 305 761 420 189
 420 154 916 374 337 2 372 621 880 111
 774 964 156 921 180 313 316 660 930 255
 523 971 976 182 114 108 940 21 550 271
 861 849 883 741 155 137 540 317 732 227
 645 990 789 888 113 416 470 977 932 591
 411 814 594 325 879 28 908 146 464 631
 740 853 143 964 137 845 956 165 277 292
 261 406 516 246 290 155 205 30 196 744
 823 755 39 748 652 545 908 919 905 858
 725 642 497 567 522 982 136 756 654 876
 338 996 834 545 944 175 205 63 105 161
 510 999 939 247 24 981 438 137 659 506
 324 565 295 588 682 53 39 481 11 339
 807 841 477 97 441 836 171 717 183 760
 139 11 685 321 439 221 987 112 691 974
 984 692 507 349 862 173 156 443 477 516
 871 600 831 984 553 899 966 921 601 35
 302 200 343 947 278 157 447 143 673 28
 162 357 249 701 7 948 886 129 228 877
 858 581 195 91 824 436 499 363 906 848
 290 957 397 326 866 283 551 946 643 162
 254 973 36 857 91 290 270 651 573 92
 760