250
 286 499 122 432 317 196 196 218 70 295
 73 413 309 476 340 272 281 323 494 476
 445 329 71 50 441 464 285 112 181 123
 466 253 234 116 89 177 408 153 373 324
 58 4 226 260 404 134 11 148 328 341
 395 334 405 294 266 278 59 463 271 45
 154 408 246 84 2 324 397 485 107 226
 47 260 385 316 215 366 106 205 370 26
 277 139 384 342 203 490 368 273 475 287
 14 378 135 367 276 87 355 164 499 5
 203 178 380 325 23 421 164 351 480 94
 314 215 379 134 254 96 468 247 185 187
 327 129 5 214 140 245 305 81 131 374
 8 37 272 454 243 158 410 361 330 3
 281 476 321 379 272 366 227 229 321 73
 264 426 389 90 352 460 335 149 474 358
 250 208 384 337 179 172 359 68 206 250
 159 22 498 364 143 6 233 261 373 300
 424 327 489 116 296 130 248 493 11 351
 430 371 129 6 214 397 246 138 371 111
 492 141 186 410 319 146 234 58 352 460
 476 162 86 71 324 227 251 329 217 113
 369 306 308 127 329 433 371 313 54 87
 18 120 406 210 12 129 184 399 487 374
 352 276 69 273 469 464 247 74 101 367
 69
 565 938 641 972 666 520 13 589 315 6
 735 818 190 729 465 712 992 274 357 625
 446 595 513 559 468 863 526 969 101 163
 255 572 746 436 266 841 536 324 36 861
 767 908 104 583 61 610 438 533 123 549
 968 471 448 775 883 86 190 833 836 993
 743 296 672 252 410 937 922 275 912 718
 921 162 761 340 671 128 59 542 839 507
 641 410 659 191 229 82 986 286 12 106
 519 586 619 289 24 233 691 784 127 369
 417 51 393 530 537 552 460 587 292 84
 227 233 301 158 568 135 806 381 916 841
 275 446 555 101 303 960 203 890 444 733
 600 784 655 293 164 701 837 236 712 295
 859 157 124 94 752 231 598 910 259 4
 815 705 544 185 408 91 681 381 57 323
 421 977 906 812 249 568 897 447 40 706
 112 743 928 724 967 902 767 574 258 37
 136 543 715 450 819 900 939 240 760 675
 637 295 243 990 217 842 753 597 483 439
 20 26 567 284 40 459 597 997 574 892
 686 594 104 450 917 824 965 566 38 773
 957 369 666 760 316 12 760 747 744 202
 610 819 945 226 820 487 319 472 507 283
 924 86 319 997 614 900 915 44 400 152
 722