500
 121 45 126 462 127 354 322 343 424 137
 41 321 398 260 115 452 264 197 469 179
 3 389 188 146 204 138 18 283 393 158
 121 107 421 103 452 288 383 464 240 198
 460 404 207 91 88 344 408 128 421 375
 367 293 412 57 236 60 492 447 459 333
 316 388 124 466 426 319 258 87 151 377
 95 345 58 144 247 461 347 58 190 338
 440 443 400 350 477 7 290 339 459 304
 56 212 121 126 294 409 477 254 313 167
 13 454 305 208 323 217 306 454 68 198
 426 320 139 466 220 334 482 201 446 206
 1 419 301 169 127 457 180 288 321 218
 229 248 429 278 226 421 55 107 151 494
 250 94 125 374 72 342 141 366 152 213
 20 282 67 267 138 484 11 7 272 178
 422 128 70 201 433 430 318 114 209 399
 341 92 94 4 168 477 322 489 98 204
 313 317 47 138 248 265 475 479 422 329
 61 150 213 492 216 479 169 454 33 423
 424 287 163 320 382 183 496 420 282 481
 475 429 323 253 404 344 417 309 68 296
 196 242 311 107 192 30 276 259 55 254
 436 11 397 297 313 190 194 178 198 485
 81 252 390 141 308 280 237 420 466 223
 188 105 163 129 436 252 263 156 195 466
 192 215 174 438 20 38 269 336 459 262
 334 240 366 377 164 189 266 282 4 478
 199 194 461 416 52 69 375 91 22 207
 385 266 405 172 207 429 485 31 397 265
 96 254 229 194 212 356 453 13 254 237
 21 278 283 283 393 440 433 143 32 362
 442 232 172 352 122 209 203 62 28 25
 456 14 492 409 13 142 105 65 300 35
 24 293 287 464 479 59 305 444 302 216
 331 311 316 183 450 74 423 180 383 315
 407 497 468 291 192 112 288 124 351 89
 321 35 371 167 67 475 239 461 191 444
 266 55 345 325 397 379 354 242 11 38
 303 192 220 80 119 341 111 243 439 62
 428 213 144 261 378 463 469 81 153 47
 314 361 489 226 330 125 284 495 426 429
 457 274 435 176 348 48 270 350 168 176
 380 268 418 466 179 130 441 280 385 50
 254 188 329 49 467 258 360 456 287 284
 194 327 219 395 100 122 47 128 367 328
 274 226 274 460 164 287 123 344 27 48
 142 251 423 43 323 205 177 468 103 215
 293 400 161 376 388 205 433 9 134 337
 398 477 404 334 420 21 407 473 287 28
 241
 353 409 859 556 954 992 323 13 396 957
 92 529 631 70 372 356 706 699 540 321
 808 705 281 847 546 441 392 697 76 783
 356 795 273 842 679 619 680 935 959 15
 373 63 611 483 469 659 624 749 757 234
 48 488 788 474 740 718 599 386 138 603
 365 68 448 243 531 979 381 815 910 338
 387 825 131 177 100 134 473 281 7 109
 420 636 853 791 41 567 819 981 767 46
 363 457 813 537 353 741 9 766 133 757
 224 522 574 950 510 651 447 480 998 956
 874 947 289 231 101 104 884 861 390 270
 86 76 820 619 675 666 423 598 887 539
 302 757 483 413 921 921 699 910 385 353
 610 209 973 325 1 275 353 326 441 26
 957 934 197 314 706 187 156 507 844 184
 227 567 13 300 155 436 519 427 176 776
 889 37 263 901 704 359 195 66 187 787
 942 113 263 866 548 775 129 701 506 332
 751 736 214 768 199 991 404 737 863 98
 444 544 255 211 571 793 605 77 796 456
 993 73 83 126 972 315 433 264 174 398
 347 711 309 122 993 955 736 984 247 883
 889 457 829 566 178 822 339 648 814 771
 655 29 843 247 244 185 220 782 693 213
 296 772 588 872 89 650 139 134 44 874
 517 975 176 208 867 959 265 606 867 397
 12 768 332 306 578 665 897 655 774 917
 272 523 659 635 562 594 603 29 336 82
 682 578 913 286 555 559 533 735 943 553
 946 529 876 740 569 278 457 102 468 638
 457 470 917 809 467 438 950 380 647 864
 925 753 524 35 803 883 303 116 620 502
 26 135 745 392 802 554 812 494 792 102
 728 192 644 504 535 85 389 978 393 968
 137 844 403 825 515 747 876 531 264 451
 321 290 405 727 718 242 972 953 305 580
 541 848 848 127 493 476 367 211 468 510
 908 191 215 727 276 99 695 774 116 96
 834 884 427 432 418 357 49 412 267 437
 391 629 988 220 535 384 320 243 804 775
 594 751 238 357 503 535 205 639 627 446
 702 506 533 730 938 399 333 718 627 236
 950 109 228 751 368 130 98 666 721 154
 826 563 987 971 217 176 839 452 477 968
 574 602 997 782 822 552 88 570 74 651
 117 829 284 921 476 966 894 149 176 637
 83 75 876 790 652 610 412 642 436 359
 949 878 702 784 734 735 750 217 137 534
 598 817 582 477 457 468 398 603 113 746
 215