750
 22 148 198 371 138 201 243 496 16 143
 232 183 293 260 301 148 386 338 44 104
 328 451 2 163 233 142 45 228 340 228
 173 334 360 347 221 119 477 328 166 327
 27 253 350 205 3 192 479 483 79 117
 264 402 360 224 449 4 69 130 330 124
 11 45 82 102 47 143 399 209 271 428
 80 103 174 439 432 374 396 297 86 346
 295 360 308 465 192 37 50 267 357 220
 121 30 189 20 422 39 166 75 21 470
 90 291 354 442 366 439 47 15 33 373
 188 27 0 15 90 379 452 230 21 231
 206 420 1 313 149 50 249 365 176 63
 430 322 33 318 219 362 411 107 318 346
 346 383 52 377 88 191 308 495 263 92
 447 297 291 10 158 467 168 194 322 139
 10 446 426 341 490 295 226 29 200 409
 381 243 331 351 385 182 457 164 73 269
 199 411 288 429 412 126 68 8 370 315
 4 186 496 73 277 77 400 454 312 394
 356 58 294 93 360 400 82 165 163 154
 477 76 404 247 140 299 385 176 275 203
 258 496 74 432 379 360 278 289 272 433
 57 336 293 198 274 215 8 457 283 301
 154 342 11 153 328 452 100 433 193 188
 392 24 106 170 54 180 275 247 102 40
 284 379 495 175 223 496 2 222 446 375
 98 461 186 109 497 110 267 421 159 55
 411 270 277 399 273 137 64 310 42 430
 295 43 270 447 446 176 66 185 216 73
 109 369 132 221 119 469 3 465 87 487
 149 373 122 49 325 22 449 347 97 52
 387 462 61 239 459 281 248 114 365 47
 131 231 475 234 304 86 140 358 10 289
 88 293 413 455 368 489 48 216 119 42
 276 137 310 140 319 207 428 308 64 132
 405 148 410 427 307 416 235 197 497 488
 401 276 252 423 369 377 301 166 77 269
 156 345 352 312 349 45 462 136 312 270
 400 17 467 218 69 314 380 200 456 95
 421 190 262 223 52 333 412 366 166 217
 71 498 19 51 497 467 181 194 344 382
 232 484 0 147 363 316 385 278 462 481
 485 337 71 144 23 397 444 76 297 340
 83 162 243 196 404 333 26 397 383 286
 375 283 188 132 365 387 166 307 0 439
 368 176 375 160 378 102 307 275 451 194
 106 228 373 171 248 249 416 42 325 72
 420 302 458 392 455 199 127 89 38 377
 66 168 144 372 180 72 200 8 442 421
 97 441 267 31 347 396 496 57 142 253
 102 418 291 398 342 384 160 22 179 313
 254 234 259 413 288 461 240 236 124 58
 366 404 158 311 206 431 384 393 347 182
 303 450 239 120 86 333 322 482 121 252
 187 197 6 168 220 12 466 260 135 30
 355 479 38 233 220 317 110 271 441 42
 285 352 1 435 462 154 265 127 151 347
 319 39 186 128 489 53 388 386 420 60
 444 128 9 497 68 109 124 359 232 316
 13 279 450 3 176 419 212 477 268 257
 119 315 236 442 410 383 76 286 229 86
 482 300 217 390 401 44 437 460 8 309
 136 3 373 275 90 250 314 151 420 276
 90 165 257 79 190 330 65 299 20 275
 217 413 238 430 238 141 205 362 79 467
 140 90 333 102 325 360 387 321 116 128
 381 170 124 492 357 153 390 493 394 41
 394 474 308 220 342 416 30 21 50 199
 443 420 321 448 66 74 238 343 178 251
 192 436 455 176 227 246 211 142 81 44
 266 164 5 194 237 455 361 54 189 156
 170 477 50 108 31 238 303 68 77 111
 162 101 290 336 142 326 264 24 63 448
 30 366 272 358 452 45 246 51 241 475
 289
 829 2 952 144 445 330 135 697 206 578
 210 51 396 584 279 932 299 14 564 897
 822 816 660 684 583 668 724 520 958 362
 894 236 512 75 153 624 749 934 747 111
 545 50 131 611 57 405 977 375 552 684
 963 835 186 383 49 91 869 533 792 91
 415 111 672 593 520 39 535 621 183 809
 860 364 575 621 873 90 944 974 980 23
 669 449 456 369 228 830 369 731 940 784
 410 479 366 145 546 783 27 430 619 722
 393 331 605 710 71 900 119 220 192 911
 702 534 919 290 723 443 617 703 21 895
 758 462 965 664 158 837 725 650 624 499
 308 115 771 0 262 918 454 25 781 362
 783 496 966 843 966 735 628 377 839 810
 206 853 566 900 431 173 256 630 730 637
 821 541 327 134 130 319 393 70 427 15
 191 375 198 687 204 543 219 50 242 808
 290 372 692 93 456 844 237 495 915 286
 880 498 600 713 173 324 748 956 653 286
 890 543 518 480 544 391 550 359 45 871
 420 227 33 713 473 612 91 223 707 696
 726 451 471 730 378 744 577 275 271 965
 436 743 794 71 952 852 375 461 345 10
 302 948 479 886 133 315 142 906 566 116
 402 342 674 657 961 889 551 699 612 222
 255 200 146 776 362 745 87 287 210 605
 499 769 644 787 558 487 722 477 434 475
 662 87 164 353 476 315 6 597 537 476
 115 249 979 193 827 915 797 306 484 840
 733 25 35 124 782 514 108 853 136 136
 995 565 200 112 858 800 5 899 148 39
 339 683 506 945 685 248 536 449 695 43
 313 954 720 389 783 320 587 157 482 441
 73 784 568 614 329 878 657 981 330 234
 331 732 218 494 170 460 519 703 686 473
 800 912 783 106 429 433 673 736 6 190
 587 283 814 757 64 336 159 694 675 146
 858 774 614 168 890 959 307 749 608 362
 107 954 997 478 773 857 468 871 931 631
 527 90 905 35 640 850 695 489 494 589
 990 486 291 410 651 525 595 292 676 8
 902 141 945 520 291 662 193 724 818 775
 857 75 856 289 669 273 353 716 273 558
 838 710 140 699 154 954 60 375 428 809
 42 698 760 142 983 109 348 837 408 412
 841 359 360 780 178 4 64 470 663 420
 132 501 480 38 133 617 201 75 647 895
 586 162 173 445 335 385 140 894 442 558
 446 373 514 725 886 105 233 865 358 287
 205 509 497 382 202 629 235 872 836 223
 514 789 443 384 198 507 415 380 9 922
 210 692 279 912 639 584 932 91 432 864
 495 564 949 709 44 761 952 815 514 447
 273 668 901 892 521 655 835 673 295 215
 995 844 999 602 709 687 740 93 173 534
 831 415 332 592 603 645 272 985 796 267
 875 352 16 276 696 286 293 595 316 102
 85 334 805 936 514 725 232 353 566 562
 123 930 448 860 886 979 306 240 922 361
 298 18 925 720 712 7 432 489 20 738
 880 656 119 66 663 587 204 347 391 456
 346 687 773 831 489 161 128 393 149 79
 768 309 294 486 69 246 825 803 717 739
 883 418 273 398 947 473 339 517 923 513
 745 63 713 604 50 432 765 196 867 184
 372 671 903 247 629 324 445 971 909 442
 775 625 741 395 869 82 488 255 846 430
 401 868 527 188 807 684 424 247 770 453
 191 179 116 569 399 908 156 202 324 370
 707 839 381 207 410 230 759 750 216 25
 113 747 18 140 650 784 109 943 791 652
 722 740 519 548 53 269 855 60 476 773
 641 37 873 967 108 698 718 156 482 745
 223 640 872 728 683 925 483 745 984 82
 918