500
 54 366 214 420 252 464 474 76 170 300
 447 21 23 71 266 148 323 56 365 407
 67 285 400 280 291 267 229 300 427 277
 476 488 85 497 370 12 348 437 32 466
 465 53 328 275 192 0 272 419 64 125
 120 484 30 431 499 255 145 260 79 362
 401 298 467 341 174 237 203 320 72 42
 329 227 349 472 489 495 360 333 401 441
 478 31 271 340 16 315 456 398 206 68
 497 25 332 409 34 44 471 171 7 317
 235 87 47 50 284 312 173 359 373 110
 47 141 320 115 334 498 255 132 279 29
 432 41 414 158 20 173 485 41 34 191
 69 275 186 363 434 26 442 436 299 30
 474 292 467 250 291 125 150 163 308 251
 258 275 30 394 248 354 337 268 428 226
 241 96 401 496 309 42 172 120 126 72
 202 304 420 231 363 403 155 294 129 159
 335 118 298 278 344 284 380 383 280 26
 31 168 287 226 302 69 276 365 486 197
 347 249 87 400 437 321 381 200 128 470
 95 233 452 283 334 352 104 341 268 356
 353 276 133 499 266 284 133 49 240 144
 322 199 256 417 291 277 388 204 376 136
 311 78 91 308 182 441 167 95 363 379
 186 291 427 115 75 353 187 120 78 25
 111 434 219 174 11 153 185 323 352 411
 208 46 381 376 455 459 56 394 257 309
 118 362 385 420 310 262 48 179 187 306
 161 352 8 472 231 439 380 261 376 263
 281 366 69 127 43 475 185 83 457 9
 108 347 363 54 239 264 190 32 78 375
 221 140 170 45 341 100 207 55 124 28
 96 4 398 279 163 72 312 499 71 405
 400 441 253 308 474 295 182 366 8 194
 176 475 444 253 428 172 302 65 60 198
 453 14 342 312 228 291 143 128 68 116
 439 198 292 116 85 89 106 200 120 315
 393 96 68 214 462 303 293 184 375 444
 185 302 440 218 326 85 163 470 68 216
 337 493 235 182 115 324 70 185 67 190
 300 208 333 316 372 259 91 38 32 432
 5 9 417 425 281 430 288 499 379 110
 343 281 416 435 493 467 269 478 482 12
 475 465 18 302 329 349 210 151 238 371
 452 380 95 46 484 138 155 119 68 276
 395 352 305 180 67 305 395 467 90 127
 485 457 374 291 318 270 409 424 145 288
 51 121 79 418 170 81 469 362 181 79
 299 184 263 231 469 48 423 168 97 334
 192
 774 793 99 719 741 695 485 56 574 9
 650 855 3 978 770 685 491 533 476 443
 579 628 396 356 191 757 829 824 705 798
 772 336 535 758 526 290 403 357 933 423
 3 283 250 28 224 521 290 283 344 672
 301 630 309 573 106 745 744 486 224 889
 503 972 823 771 137 649 771 230 604 841
 466 576 994 5 620 568 83 28 923 343
 816 524 273 803 824 490 922 387 428 408
 485 259 497 82 942 615 448 173 190 639
 84 32 4 785 586 543 731 632 563 688
 78 398 35 376 690 514 837 418 36 694
 554 838 301 388 946 261 879 562 647 197
 974 698 363 757 487 522 665 933 567 926
 795 653 135 936 489 921 962 331 171 675
 15 558 525 186 788 367 871 964 610 900
 843 382 379 181 306 923 881 168 336 562
 994 280 105 615 955 586 90 508 430 46
 858 144 174 118 339 674 128 430 403 130
 529 654 291 317 575 480 808 439 254 832
 105 661 908 795 74 482 909 108 445 670
 299 249 135 96 968 32 299 337 754 437
 216 739 653 500 265 27 848 820 902 499
 350 311 926 452 589 825 560 938 959 933
 210 464 585 78 447 204 622 596 425 225
 511 276 413 930 913 992 922 944 559 374
 431 759 761 753 345 860 604 325 543 680
 78 621 803 22 840 74 394 245 302 502
 438 274 662 478 525 639 146 905 574 589
 492 838 809 189 246 645 800 500 408 982
 145 327 962 878 237 802 814 526 628 517
 214 486 959 935 44 752 900 643 310 205
 660 161 252 249 304 474 755 992 462 462
 401 186 913 65 237 70 321 550 829 677
 642 547 169 464 698 533 331 618 6 717
 720 538 758 2 777 871 136 136 161 173
 17 977 643 716 44 627 782 144 940 457
 46 496 884 595 538 562 180 595 978 97
 999 309 511 998 636 752 866 829 599 649
 185 7 784 810 437 597 267 474 931 345
 447 372 734 33 931 513 989 255 465 9
 431 944 418 590 332 567 723 850 756 828
 843 220 864 370 454 137 536 833 1 640
 80 391 245 101 481 939 464 639 774 601
 88 572 941 853 962 821 804 631 611 495
 558 951 203 244 316 481 241 939 934 228
 0 894 928 743 491 125 427 810 820 800
 916 641 756 503 371 889 770 897 481 201
 506 273 314 568 386 332 443 136 725 255
 754 242 380 52 635 491 835 130 539 350
 607