250
 442 439 499 113 238 214 144 334 281 99
 352 314 6 234 220 130 89 167 68 446
 162 374 273 129 436 30 272 132 356 421
 257 372 102 309 54 369 325 56 69 283
 200 80 111 9 276 403 457 393 387 34
 431 64 405 453 263 381 408 87 132 315
 130 267 284 419 99 158 456 192 170 294
 55 306 137 428 400 59 265 306 209 151
 375 236 447 189 336 32 299 275 360 449
 148 132 187 379 341 182 322 280 172 344
 436 235 452 362 327 101 173 160 467 381
 222 155 484 452 321 436 389 247 23 417
 177 449 76 317 450 161 146 119 73 312
 79 43 206 44 313 497 114 302 39 20
 202 161 255 396 296 129 475 2 152 381
 156 256 433 43 474 333 123 45 330 49
 159 53 300 100 252 201 446 211 400 24
 250 11 23 242 417 460 476 255 370 423
 179 131 30 249 280 405 497 378 234 476
 29 198 60 70 196 130 451 307 415 257
 452 30 321 419 207 240 380 228 177 464
 134 208 409 70 272 402 234 168 277 130
 376 75 333 414 173 320 77 241 53 114
 85 218 353 165 12 377 451 47 192 477
 52 236 129 95 21 115 413 470 52 460
 218
 609 218 147 335 623 728 743 106 277 409
 49 441 68 42 400 848 675 69 701 448
 36 151 127 338 478 178 428 985 546 998
 544 542 904 979 699 880 701 171 252 969
 933 830 697 757 175 882 950 614 880 219
 85 746 469 62 102 486 511 150 73 928
 724 391 754 231 755 516 255 905 483 31
 680 264 539 789 216 196 834 421 800 172
 867 760 94 110 485 692 403 596 144 905
 241 363 772 225 376 514 538 966 948 990
 10 717 345 762 317 640 520 121 420 400
 998 308 348 412 795 649 402 41 829 531
 830 128 975 974 678 241 230 8 958 963
 83 313 239 400 27 173 524 417 464 111
 240 148 320 34 954 56 916 463 489 384
 547 662 53 679 179 113 19 750 784 825
 974 433 406 185 362 195 317 740 259 881
 890 370 241 786 283 905 534 149 989 789
 670 789 29 607 544 296 372 941 307 23
 620 980 947 992 252 655 753 336 21 672
 466 935 998 587 425 867 598 923 724 109
 294 380 74 917 571 189 458 951 602 633
 57 650 574 635 749 829 342 268 44 517
 600 761 774 714 384 809 205 824 397 298
 799 592 716 344 694 109 733 429 841 504
 929