100
 167 134 6 102 147 49 393 418 412 320
 488 353 169 17 281 129 62 100 128 230
 394 394 187 24 458 322 184 85 226 342
 324 114 92 436 32 68 479 180 211 179
 3 408 273 338 318 257 414 210 420 164
 279 252 440 390 228 305 404 476 399 64
 185 331 286 240 296 101 150 169 333 208
 246 199 376 14 485 192 246 26 335 47
 237 195 195 345 258 250 262 350 474 240
 276 90 452 312 176 24 26 236 391 260
 127
 245 356 819 112 852 42 687 555 76 377
 691 987 985 280 428 308 407 251 145 934
 203 387 462 900 82 469 223 48 820 85
 93 485 156 60 576 523 901 526 878 271
 546 794 345 110 818 630 859 681 7 778
 471 990 459 360 413 524 528 29 127 345
 897 684 111 519 958 544 243 403 776 843
 826 813 577 734 51 335 367 193 332 293
 361 130 442 90 726 650 606 984 479 882
 166 594 486 408 554 552 402 758 296 492
 883