500
 151 19 437 495 479 136 233 158 199 365
 47 265 43 30 44 101 449 475 52 442
 110 258 238 181 118 424 111 124 171 23
 277 47 68 213 312 98 48 475 466 356
 248 6 477 270 198 284 69 296 59 341
 169 186 218 305 164 206 399 305 190 283
 160 498 478 387 37 43 414 394 43 451
 282 336 45 432 32 60 321 21 403 103
 115 143 355 128 14 470 104 127 300 432
 495 206 291 359 397 38 372 251 173 129
 326 331 96 300 266 0 468 332 238 369
 484 187 23 481 388 478 197 393 30 240
 295 404 262 394 73 253 158 299 390 485
 397 183 316 438 379 257 277 71 430 269
 98 350 114 344 114 284 114 381 344 271
 48 479 111 50 489 405 151 302 391 106
 90 112 365 260 9 197 13 161 138 120
 402 398 263 37 328 87 165 218 444 211
 51 492 316 351 40 469 23 215 210 393
 237 142 31 457 362 322 442 89 166 62
 6 343 11 457 158 313 195 416 252 320
 377 119 349 18 243 61 159 185 12 215
 484 399 386 388 359 253 327 304 62 411
 50 171 468 94 308 116 330 179 69 432
 126 309 281 227 8 122 297 419 156 82
 484 202 325 134 268 106 32 366 85 469
 254 384 424 445 445 396 308 307 195 80
 456 203 287 97 382 96 237 181 378 288
 72 41 221 444 334 287 210 200 206 409
 228 51 120 361 6 400 98 11 35 234
 122 384 259 418 497 217 386 240 452 269
 35 373 382 95 472 219 203 257 467 297
 457 435 244 486 355 251 49 43 243 152
 235 188 188 96 132 133 396 167 316 24
 182 115 192 487 269 44 226 431 6 112
 301 321 37 210 486 122 140 220 95 0
 27 79 67 32 184 135 498 275 126 86
 487 30 332 185 184 467 371 399 141 402
 133 314 190 319 410 110 384 228 464 297
 451 418 441 280 88 415 328 59 396 129
 2 200 205 86 393 365 120 432 156 81
 337 381 286 200 285 223 20 397 342 392
 76 88 137 421 228 91 428 359 445 72
 215 367 435 12 337 217 207 17 0 483
 367 424 158 464 420 153 112 294 317 313
 57 117 464 477 50 125 488 142 452 385
 282 322 222 343 485 415 414 30 44 77
 405 261 444 357 407 321 349 216 263 381
 216 62 18 187 398 364 104 11 58 115
 335 313 74 63 27 70 406 239 200 485
 74
 37 349 982 804 743 145 977 849 246 28
 670 446 538 2 602 914 608 685 749 567
 50 922 255 145 980 692 153 823 207 605
 269 56 573 333 967 400 397 925 267 586
 934 798 241 702 651 400 113 173 369 112
 522 292 8 982 16 328 505 97 0 991
 500 447 504 939 518 294 434 279 159 641
 252 596 91 522 868 388 376 693 728 525
 237 457 859 521 569 781 483 806 69 50
 894 419 813 178 658 253 363 612 632 677
 931 234 679 341 110 229 197 783 175 805
 603 395 540 989 226 470 441 544 836 143
 557 150 256 474 546 825 651 230 319 420
 913 76 891 659 545 337 23 413 883 498
 27 599 489 579 483 194 315 431 812 624
 735 286 848 183 16 480 116 80 108 959
 425 629 292 377 132 375 526 810 723 949
 789 45 587 124 633 648 828 210 865 166
 444 266 195 406 8 637 852 157 223 576
 111 225 742 443 966 968 568 949 807 982
 231 17 925 622 771 138 334 834 313 20
 122 535 810 327 783 497 314 509 235 854
 685 607 503 873 710 523 268 379 34 968
 968 946 7 102 521 950 337 264 620 874
 659 261 148 93 34 182 954 555 369 878
 586 714 595 747 773 456 447 635 426 516
 158 988 683 972 386 364 313 689 45 369
 129 138 386 69 905 332 215 419 131 389
 678 920 462 203 286 392 198 308 626 109
 18 269 882 400 665 701 34 453 445 761
 563 317 762 955 985 563 946 642 346 784
 570 445 79 189 397 226 47 93 304 265
 894 999 305 245 239 588 465 72 301 72
 984 443 369 768 997 997 725 58 19 806
 601 483 585 366 906 812 879 442 847 73
 77 965 38 240 96 188 245 474 671 204
 929 945 399 231 900 898 54 712 5 423
 974 870 166 579 759 160 871 888 327 225
 53 40 620 353 743 416 641 536 216 928
 492 191 664 699 199 272 67 697 761 567
 215 776 291 603 246 458 237 777 942 105
 356 335 268 13 205 294 99 787 837 824
 640 977 706 339 34 563 258 124 201 257
 460 789 788 374 49 916 645 368 171 452
 685 648 228 185 872 65 137 958 360 423
 358 6 817 546 676 636 515 828 420 840
 329 559 504 880 780 456 611 809 953 798
 128 370 662 573 481 592 203 300 338 667
 417 492 398 752 29 970 384 493 53 670
 94 475 390 391 691 516 500 524 700 949
 480