500
 440 433 143 32 362 442 232 172 352 122
 209 203 62 28 25 456 14 492 409 13
 142 105 65 300 35 24 293 287 464 479
 59 305 444 302 216 331 311 316 183 450
 74 423 180 383 315 407 497 468 291 192
 112 288 124 351 89 321 35 371 167 67
 475 239 461 191 444 266 55 345 325 397
 379 354 242 11 38 303 192 220 80 119
 341 111 243 439 62 428 213 144 261 378
 463 469 81 153 47 314 361 489 226 330
 125 284 495 426 429 457 274 435 176 348
 48 270 350 168 176 380 268 418 466 179
 130 441 280 385 50 254 188 329 49 467
 258 360 456 287 284 194 327 219 395 100
 122 47 128 367 328 274 226 274 460 164
 287 123 344 27 48 142 251 423 43 323
 205 177 468 103 215 293 400 161 376 388
 205 433 9 134 337 398 477 404 334 420
 21 407 473 287 28 241 176 204 429 278
 477 496 161 6 198 478 46 264 315 35
 186 178 353 349 270 160 404 352 140 423
 273 220 196 348 38 391 178 397 136 421
 339 309 340 467 479 7 186 31 305 241
 234 329 312 374 378 117 24 244 394 237
 370 359 299 193 69 301 182 34 224 121
 265 489 190 407 455 169 193 412 65 88
 50 67 236 140 3 54 210 318 426 395
 20 283 409 490 383 23 181 228 406 268
 176 370 4 383 66 378 112 261 287 475
 255 325 223 240 499 478 437 473 144 115
 50 52 442 430 195 135 43 38 410 309
 337 333 211 299 443 269 151 378 241 206
 460 460 349 455 192 176 305 104 486 162
 0 137 176 163 220 13 478 467 98 157
 353 93 78 253 422 92 113 283 6 150
 77 218 259 213 88 388 444 18 131 450
 352 179 97 33 93 393 471 56 131 433
 274 387 64 350 253 166 375 368 107 384
 99 495 202 368 431 49 222 272 127 105
 285 396 302 38 398 228 496 36 41 63
 486 157 216 132 87 199 173 355 154 61
 496 477 368 492 123 441 444 228 414 283
 89 411 169 324 407 385 327 14 421 123
 122 92 110 391 346 106 148 386 294 436
 44 325 69 67 22 437 258 487 88 104
 433 479 132 303 433 198 6 384 166 153
 289 332 448 327 387 458 136 261 329 317
 281 297 301 14 168 41 341 289 456 143
 277 279 266 367 471 276 473 264 438 370
 284 139 228 51 234 319 228 235 458 404
 233
 438 950 380 647 864 925 753 524 35 803
 883 303 116 620 502 26 135 745 392 802
 554 812 494 792 102 728 192 644 504 535
 85 389 978 393 968 137 844 403 825 515
 747 876 531 264 451 321 290 405 727 718
 242 972 953 305 580 541 848 848 127 493
 476 367 211 468 510 908 191 215 727 276
 99 695 774 116 96 834 884 427 432 418
 357 49 412 267 437 391 629 988 220 535
 384 320 243 804 775 594 751 238 357 503
 535 205 639 627 446 702 506 533 730 938
 399 333 718 627 236 950 109 228 751 368
 130 98 666 721 154 826 563 987 971 217
 176 839 452 477 968 574 602 997 782 822
 552 88 570 74 651 117 829 284 921 476
 966 894 149 176 637 83 75 876 790 652
 610 412 642 436 359 949 878 702 784 734
 735 750 217 137 534 598 817 582 477 457
 468 398 603 113 746 215 530 219 407 296
 146 257 711 318 675 828 371 444 269 657
 375 892 596 971 792 462 653 357 792 145
 861 473 670 443 590 532 17 784 527 847
 139 866 749 972 130 706 471 660 655 100
 680 863 519 685 654 281 274 931 368 181
 293 36 369 770 881 147 461 421 916 22
 101 137 788 786 859 391 160 726 75 372
 402 327 821 914 325 905 191 487 358 511
 443 761 336 388 258 192 432 866 543 499
 645 652 215 928 684 40 503 780 855 195
 618 10 381 314 594 727 386 960 646 151
 125 634 585 800 173 201 421 162 745 620
 64 181 612 384 944 923 855 239 477 687
 568 939 804 454 37 320 782 813 898 689
 198 241 376 659 856 357 148 994 367 766
 714 220 596 783 519 132 863 653 226 657
 85 152 146 708 944 123 731 532 334 958
 650 933 711 17 96 195 783 39 260 474
 52 480 957 491 353 442 138 465 950 623
 482 144 307 798 540 575 516 447 474 569
 567 639 719 652 396 955 235 919 180 644
 862 284 642 109 366 786 877 312 837 775
 274 994 38 616 21 183 287 36 20 185
 800 463 928 165 740 255 456 78 221 230
 448 201 482 909 533 451 494 331 524 609
 3 319 634 871 620 586 478 514 886 54
 298 655 324 901 740 989 744 332 452 0
 185 404 288 469 562 197 273 90 838 54
 468 495 527 151 107 653 83 884 878 30
 211 141 723 231 561 272 904 246 607 471
 170 740 187 550 643 780 903 982 970 516
 544