500
 214 216 336 368 3 95 293 141 407 378
 32 168 79 347 337 73 429 387 307 84
 445 479 153 374 304 181 53 477 498 239
 386 428 234 435 465 315 263 45 452 17
 320 425 347 244 247 294 495 243 145 205
 325 262 297 146 338 4 451 70 472 260
 145 331 96 362 409 387 428 37 428 144
 334 136 176 358 136 279 419 355 70 349
 77 477 30 187 214 404 21 349 380 71
 491 54 174 418 204 206 420 179 180 390
 89 2 32 235 331 210 66 250 240 19
 66 308 100 37 323 447 293 81 86 222
 167 192 70 447 221 279 223 186 257 362
 443 52 116 432 179 143 102 254 248 191
 101 314 117 436 418 111 257 394 221 192
 99 253 207 190 4 461 105 346 139 456
 319 292 466 45 216 432 247 282 474 354
 22 380 476 407 257 223 136 334 450 446
 260 327 417 336 147 107 497 422 499 301
 354 343 370 46 86 267 415 207 166 296
 301 322 136 492 398 133 437 176 8 138
 348 143 146 297 158 51 42 167 402 468
 257 362 116 176 283 281 61 465 224 430
 443 489 153 120 461 180 149 9 462 360
 356 3 216 244 10 369 440 328 59 33
 331 293 102 173 195 228 173 343 386 415
 244 80 64 196 74 39 384 154 147 243
 34 123 412 401 358 369 441 209 136 199
 473 236 169 258 461 256 372 31 356 302
 25 216 382 98 433 92 186 335 451 123
 314 162 222 485 454 221 387 312 370 197
 434 41 244 127 423 215 200 434 263 94
 403 342 212 123 385 226 95 89 58 284
 199 454 78 101 162 185 353 419 190 103
 205 115 379 375 108 12 56 373 9 70
 325 392 54 471 395 326 361 370 259 274
 26 134 427 30 238 386 320 18 436 483
 54 349 359 78 241 372 111 320 436 364
 341 462 241 372 492 41 459 414 102 95
 293 207 413 198 456 117 391 389 130 259
 157 131 171 444 441 333 394 441 315 66
 237 229 260 18 24 369 14 482 105 30
 479 418 63 227 113 161 465 362 496 122
 429 204 235 356 56 122 405 483 349 21
 350 328 64 380 412 465 406 36 490 259
 419 25 184 414 194 403 353 457 326 8
 113 362 478 370 111 227 144 353 211 184
 302 10 410 431 36 242 23 301 191 8
 266 493 402 7 467 347 456 455 189 408
 357 3 7 276 274 47 132 487 464 497
 460
 679 286 695 927 73 147 55 808 839 177
 966 587 570 224 775 441 323 678 349 335
 658 334 62 707 396 337 550 145 110 993
 912 668 59 8 260 691 704 719 551 150
 13 79 698 104 105 16 597 487 544 231
 37 732 554 77 733 193 430 633 52 898
 300 852 157 91 301 172 998 807 513 547
 440 909 995 563 334 516 459 840 433 123
 898 767 95 420 652 478 488 918 262 128
 103 252 46 395 213 670 115 558 752 48
 424 521 547 971 842 681 950 561 365 391
 950 382 237 101 43 335 772 74 781 707
 192 705 621 130 362 844 181 784 859 18
 608 683 357 104 145 451 545 629 564 709
 867 774 544 567 352 803 910 676 425 921
 101 822 984 198 193 627 753 881 811 637
 565 483 525 644 796 927 355 104 363 789
 291 337 315 714 717 19 790 297 635 568
 423 652 431 684 880 314 972 874 675 667
 824 390 761 8 21 449 712 295 74 959
 378 22 398 167 59 452 587 303 779 849
 758 861 534 812 317 296 976 627 912 756
 862 156 606 18 318 833 231 588 703 607
 880 639 784 434 778 55 284 520 544 446
 433 39 177 597 499 168 293 478 78 318
 560 534 38 764 347 434 913 989 393 0
 867 712 249 313 757 60 664 747 362 566
 387 329 211 539 186 896 656 416 684 920
 484 884 27 79 665 738 58 739 431 144
 91 155 63 876 77 671 623 578 688 420
 384 983 686 613 656 765 179 368 253 265
 594 752 9 204 971 251 739 98 219 828
 32 718 997 564 967 624 282 224 25 840
 473 846 449 485 424 952 545 852 966 569
 201 874 825 933 490 845 335 666 856 425
 419 943 808 254 585 732 599 376 293 864
 436 224 710 319 825 537 900 904 539 707
 706 730 743 677 234 946 403 274 381 135
 443 258 568 834 190 838 963 687 23 152
 470 821 792 115 183 152 834 897 734 64
 769 842 416 182 841 199 124 527 918 536
 457 565 221 784 361 325 926 418 949 448
 938 309 367 572 861 256 489 669 85 971
 55 468 511 265 151 1 58 614 432 215
 974 784 133 531 351 126 730 119 703 994
 992 733 543 448 55 139 961 18 393 654
 357 194 657 773 704 57 275 765 755 822
 833 650 292 490 967 933 39 835 583 578
 652 404 129 732 540 480 666 752 152 789
 829 294 61 497 847 513 84 738 596 116
 155