500
 22 200 76 361 214 114 172 162 158 154
 415 45 97 226 141 249 173 290 152 236
 465 430 373 92 184 72 5 222 0 114
 74 307 482 95 314 216 265 468 247 434
 164 280 470 237 261 19 463 164 23 424
 14 269 81 403 54 252 331 99 6 465
 125 203 204 449 33 356 267 217 358 238
 493 361 65 346 162 177 367 342 147 224
 324 385 468 9 197 324 354 51 466 345
 487 17 55 380 438 82 315 440 396 353
 56 307 73 340 328 181 107 435 146 199
 235 338 120 39 361 252 90 176 233 265
 315 463 247 451 359 202 91 379 278 146
 289 78 25 465 21 382 73 233 104 411
 419 48 58 77 279 13 404 390 36 15
 136 1 384 284 435 171 346 105 25 341
 411 380 392 298 80 277 372 402 0 464
 472 450 281 342 142 249 89 327 244 443
 380 425 420 46 339 396 45 280 499 78
 456 77 348 43 245 179 9 494 308 12
 188 377 232 491 361 367 224 335 78 309
 322 262 425 263 142 396 257 206 481 395
 489 75 304 449 193 368 306 411 278 171
 200 66 103 489 123 262 1 264 155 108
 9 193 237 119 125 483 452 382 106 47
 457 186 229 184 54 91 370 127 477 233
 238 59 441 472 9 139 410 109 263 253
 242 430 128 335 62 213 307 60 190 371
 64 452 100 230 39 315 331 298 373 80
 190 441 33 274 420 181 20 123 331 1
 443 391 154 93 382 112 11 210 451 153
 195 372 481 232 457 111 442 194 308 262
 162 24 291 485 389 444 369 296 140 486
 462 279 291 464 381 361 157 248 44 491
 380 110 482 374 151 311 142 326 61 132
 299 278 90 280 350 354 135 104 402 90
 397 131 347 313 245 306 267 397 488 262
 196 211 80 145 23 316 67 96 8 250
 232 230 428 42 51 152 341 1 87 164
 94 216 245 438 451 11 22 128 341 299
 280 261 355 49 344 403 124 266 65 446
 114 147 199 475 19 97 425 91 4 304
 200 352 136 459 212 336 14 167 354 43
 225 341 232 446 13 59 133 118 192 114
 432 302 253 209 256 453 131 313 115 370
 312 58 278 285 249 429 139 263 54 73
 190 420 135 338 376 213 178 425 247 202
 220 353 251 468 65 168 80 206 418 210
 352 1 264 39 192 10 226 497 265 436
 70 8 55 252 410 402 122 97 472 325
 158
 875 272 524 131 483 884 878 999 226 477
 429 289 669 562 198 704 629 12 469 440
 261 178 335 136 892 324 749 546 258 873
 61 544 264 713 842 514 744 204 619 109
 739 651 112 139 567 400 161 223 19 553
 807 915 787 774 69 862 128 810 906 527
 763 816 175 265 631 260 534 568 839 199
 317 912 385 340 588 110 612 274 857 800
 118 530 613 419 302 750 473 895 379 673
 64 598 550 720 899 296 265 375 759 682
 364 645 560 344 688 872 470 904 724 655
 203 346 321 935 763 444 310 968 905 642
 872 778 495 46 835 355 898 152 634 901
 323 292 239 147 624 159 86 412 88 626
 994 228 605 79 40 404 322 511 793 592
 258 951 5 304 762 312 513 866 86 948
 666 246 90 661 99 318 106 601 201 504
 403 893 422 801 49 500 22 46 485 834
 920 952 510 741 847 358 263 60 499 561
 810 994 756 469 952 58 396 121 140 393
 261 903 614 830 515 904 61 643 839 414
 480 761 456 354 928 269 416 819 141 544
 804 469 336 555 261 753 150 666 828 346
 641 154 483 107 228 170 437 706 330 24
 755 903 95 384 955 105 473 259 191 42
 231 827 941 105 920 436 609 218 147 335
 623 728 743 106 277 409 49 441 68 42
 400 848 675 69 701 448 36 151 127 338
 478 178 428 985 546 998 544 542 904 979
 699 880 701 171 252 969 933 830 697 757
 175 882 950 614 880 219 85 746 469 62
 102 486 511 150 73 928 724 391 754 231
 755 516 255 905 483 31 680 264 539 789
 216 196 834 421 800 172 867 760 94 110
 485 692 403 596 144 905 241 363 772 225
 376 514 538 966 948 990 10 717 345 762
 317 640 520 121 420 400 998 308 348 412
 795 649 402 41 829 531 830 128 975 974
 678 241 230 8 958 963 83 313 239 400
 27 173 524 417 464 111 240 148 320 34
 954 56 916 463 489 384 547 662 53 679
 179 113 19 750 784 825 974 433 406 185
 362 195 317 740 259 881 890 370 241 786
 283 905 534 149 989 789 670 789 29 607
 544 296 372 941 307 23 620 980 947 992
 252 655 753 336 21 672 466 935 998 587
 425 867 598 923 724 109 294 380 74 917
 571 189 458 951 602 633 57 650 574 635
 749 829 342 268 44 517 600 761 774 714
 384 809 205 824 397 298 799 592 716 344
 694