250
 485 410 200 492 286 221 35 222 213 194
 319 151 136 346 465 469 111 281 23 172
 473 219 137 0 410 16 412 463 259 149
 97 152 170 405 496 212 41 400 489 385
 464 332 364 457 433 354 310 112 153 254
 173 494 279 28 459 101 403 227 56 179
 13 69 436 82 302 407 4 285 207 50
 277 230 196 454 30 169 461 55 338 196
 344 254 352 380 54 232 492 363 228 407
 269 445 11 122 49 314 338 488 78 101
 80 425 173 312 93 198 267 194 298 370
 456 80 402 140 420 184 275 10 145 234
 355 395 298 267 0 483 100 379 438 88
 413 83 440 206 106 161 168 177 450 31
 44 174 353 345 34 383 226 8 9 379
 478 451 5 78 361 58 201 84 399 8
 121 8 220 374 328 344 231 53 189 441
 363 342 380 259 340 246 396 253 314 75
 236 233 442 36 279 448 105 50 100 127
 4 461 365 283 321 137 449 117 92 253
 105 210 93 314 349 427 226 225 158 319
 67 238 373 353 139 276 360 409 119 337
 98 35 105 161 3 132 482 411 488 352
 196 217 251 302 41 242 134 477 136 483
 39 25 12 275 227 183 3 368 170 228
 165
 237 696 116 741 620 864 109 319 306 607
 482 583 36 222 475 104 602 286 295 907
 337 817 390 423 751 774 333 28 221 290
 154 648 91 669 545 790 990 738 222 89
 979 803 605 578 614 636 655 909 193 845
 423 796 927 957 99 215 51 282 413 246
 600 974 231 225 45 917 168 237 388 41
 407 906 600 483 663 400 656 684 853 367
 651 495 230 940 971 905 997 715 873 46
 794 375 703 783 771 326 185 731 710 909
 92 457 901 424 160 20 375 613 914 422
 130 712 272 749 675 186 144 717 528 334
 24 176 954 498 898 141 556 634 798 631
 329 90 826 82 697 330 641 519 801 565
 511 677 227 468 55 412 373 34 315 494
 821 607 563 459 645 50 679 748 653 733
 646 671 627 271 479 735 662 225 728 471
 680 425 374 372 63 814 92 273 767 623
 441 237 962 395 507 214 964 236 14 310
 811 506 765 847 33 701 225 31 47 516
 368 718 20 923 17 882 318 494 547 544
 306 151 380 80 921 370 672 646 309 903
 44 985 741 749 915 137 665 736 214 871
 370 780 926 461 933 400 126 340 78 598
 613 693 330 242 992 873 765 233 60 46
 313