250
 118 377 422 236 192 444 447 319 96 59
 62 446 357 195 246 56 239 87 122 231
 443 255 269 292 41 342 423 347 493 173
 406 198 230 458 198 210 209 238 54 317
 314 287 52 290 118 267 295 65 265 110
 127 275 208 217 321 472 469 248 404 135
 343 17 182 293 9 94 136 275 246 214
 54 163 17 404 190 14 168 354 466 359
 449 114 325 376 103 154 346 441 129 242
 356 357 204 42 286 107 438 99 361 416
 343 161 377 377 248 9 407 102 122 349
 444 195 381 139 341 450 241 363 15 316
 5 120 274 432 206 179 323 10 487 161
 241 119 49 334 186 264 228 414 77 43
 405 474 351 380 26 61 408 72 349 287
 180 179 73 495 146 440 101 257 162 485
 105 26 37 123 78 273 465 249 415 477
 455 291 455 107 173 465 248 377 286 147
 205 386 214 189 454 312 202 356 111 371
 243 485 109 89 188 354 133 112 92 443
 266 226 388 64 127 329 171 299 150 319
 34 437 263 426 296 372 27 108 141 63
 71 398 71 188 180 139 176 438 141 276
 489 120 146 359 492 156 274 273 183 152
 499 426 2 491 93 7 329 187 382 229
 177
 481 869 689 689 912 502 192 112 343 934
 766 564 369 990 611 214 196 54 216 961
 396 603 923 750 493 170 602 716 736 574
 88 270 794 806 548 14 441 553 580 578
 387 358 641 444 757 911 559 235 265 302
 889 781 20 199 33 196 77 300 177 966
 683 780 320 885 754 892 278 945 404 679
 998 243 838 828 743 453 482 54 286 426
 215 954 461 664 231 902 874 101 60 819
 879 591 622 136 504 462 474 19 510 851
 909 434 610 721 413 752 925 744 199 171
 211 955 235 719 500 706 373 276 974 928
 359 670 43 421 611 104 417 643 380 791
 219 975 567 924 930 80 641 904 818 978
 728 272 290 53 592 443 473 637 486 621
 44 741 505 651 212 549 530 116 788 902
 741 742 908 549 502 317 102 167 270 538
 632 751 242 604 763 626 687 343 951 808
 846 474 199 717 148 449 707 582 759 918
 987 415 785 989 667 415 813 289 329 526
 714 212 53 92 668 90 611 488 928 69
 252 442 254 828 953 979 659 883 927 369
 732 808 548 717 148 758 483 523 436 534
 423 561 502 884 154 1 547 557 186 170
 239 153 675 222 652 254 926 849 190 581
 283