500
 479 126 395 49 221 151 423 81 428 102
 26 117 393 196 251 272 12 326 166 7
 207 305 146 444 326 54 235 48 136 407
 127 78 266 157 356 365 461 402 328 360
 337 496 263 146 174 317 156 94 68 297
 155 141 446 400 98 106 48 468 402 211
 34 8 96 308 310 23 475 308 112 13
 484 140 50 248 178 108 275 188 61 144
 411 70 87 260 379 424 426 143 31 228
 367 160 462 275 367 51 207 285 499 379
 301 13 345 368 79 498 41 412 203 292
 136 260 450 125 173 212 480 186 486 52
 28 156 406 122 13 143 31 242 216 260
 146 215 181 38 365 426 165 107 71 478
 326 49 445 421 389 425 315 219 20 380
 157 152 265 394 205 436 195 493 457 65
 350 175 393 59 34 206 128 250 343 278
 296 109 114 34 273 123 427 341 99 130
 326 491 70 33 255 168 211 363 456 231
 473 304 479 132 180 191 408 72 134 347
 394 247 289 297 44 191 263 340 136 169
 137 422 304 203 462 412 84 309 240 278
 475 247 175 475 447 85 49 184 104 117
 313 313 273 388 129 15 38 291 168 489
 442 145 134 456 403 320 262 139 495 447
 45 106 189 133 459 50 498 59 310 281
 333 457 121 427 321 351 200 38 277 374
 373 219 401 386 470 78 153 249 43 211
 74 260 457 462 165 242 279 430 409 292
 404 338 217 191 340 132 162 406 374 33
 478 66 361 4 437 314 482 389 113 80
 342 384 424 52 115 432 284 81 42 447
 269 232 380 467 374 210 389 180 469 203
 463 398 341 226 434 249 290 115 367 26
 470 13 83 473 93 371 91 355 330 263
 220 4 391 253 103 368 407 452 56 245
 107 473 449 113 137 160 280 200 296 414
 358 358 118 83 75 413 86 177 105 462
 246 108 19 62 377 211 160 125 261 312
 389 318 326 334 441 263 268 4 363 483
 32 492 172 19 215 322 362 47 478 475
 176 173 48 146 409 130 284 96 257 44
 28 332 253 372 368 252 115 389 7 370
 81 261 82 390 2 104 154 54 88 383
 423 169 398 48 232 206 359 224 194 245
 154 239 152 110 477 433 446 173 423 318
 161 288 291 109 438 270 480 54 392 226
 430 228 36 77 271 439 456 380 204 299
 114 19 244 305 258 145 462 497 163 233
 301 287 367 80 446 31 285 54 42 391
 270
 361 306 678 898 108 292 215 818 202 393
 892 932 231 625 307 473 721 78 304 317
 694 872 179 284 831 333 187 21 617 544
 610 729 491 190 246 944 760 870 482 704
 398 598 410 168 210 277 230 602 283 237
 27 635 87 94 220 924 281 457 548 908
 291 628 252 415 742 883 16 548 419 695
 609 392 329 796 69 492 499 984 465 588
 795 455 259 381 963 991 458 279 983 883
 246 683 923 28 831 991 712 510 873 607
 286 954 622 602 142 879 786 285 896 550
 829 33 231 749 594 47 105 81 810 369
 547 377 680 203 27 79 156 163 108 658
 192 904 526 77 544 887 490 138 553 484
 980 810 144 21 322 630 33 915 525 790
 273 198 969 415 756 863 163 612 820 177
 662 955 315 576 384 734 862 314 524 719
 52 757 987 824 725 674 81 323 528 515
 456 12 674 855 563 540 184 972 535 555
 767 738 847 427 114 652 0 801 707 18
 21 684 483 616 839 659 577 123 865 142
 172 869 967 658 807 168 852 66 219 626
 641 637 819 790 701 570 110 956 755 239
 168 692 341 770 862 577 680 445 316 599
 74 822 750 599 773 639 44 570 571 225
 527 80 756 814 838 412 29 646 250 323
 247 641 136 258 199 597 902 0 665 222
 633 468 621 413 149 982 173 806 126 253
 375 573 498 134 309 8 971 119 400 277
 906 452 833 288 484 698 886 408 223 896
 13 521 373 474 167 681 449 216 808 68
 429 607 413 991 935 326 796 812 526 536
 685 590 642 898 78 922 490 215 803 458
 772 605 816 181 999 326 636 915 282 282
 349 468 130 117 823 449 879 681 558 497
 211 388 285 361 555 464 646 213 83 582
 962 780 342 804 398 71 346 880 829 881
 420 453 780 328 622 325 60 489 849 15
 13 784 718 236 96 772 687 801 30 597
 674 463 701 20 359 540 779 8 127 637
 715 199 41 730 369 651 633 743 181 829
 256 361 834 462 502 401 257 788 495 250
 964 546 580 98 576 368 14 610 288 294
 762 804 414 315 713 710 794 36 37 745
 772 570 482 373 540 217 71 303 372 867
 662 623 25 944 517 998 44 19 298 965
 399 881 322 630 967 36 395 824 115 444
 949 655 308 255 163 716 143 359 924 179
 863 407 836 512 458 148 801 22 338 215
 36 539 697 946 135 813 989 487 988 353
 121