750
 223 240 91 196 493 152 423 165 355 236
 317 411 317 212 477 290 238 446 163 392
 110 406 426 71 466 176 489 183 493 66
 146 170 28 310 210 86 156 87 450 457
 452 159 104 183 437 198 154 265 186 259
 269 273 401 77 349 149 320 379 387 100
 132 411 142 185 343 58 223 184 434 44
 413 320 336 317 13 357 263 415 321 217
 444 76 467 95 254 365 391 403 390 403
 338 326 381 280 289 326 343 332 338 480
 11 144 404 192 357 340 40 20 356 174
 451 166 422 267 385 210 441 444 39 488
 418 272 180 305 183 275 21 282 24 490
 244 116 300 365 394 222 371 129 11 30
 423 128 362 204 43 296 132 75 443 438
 41 297 46 80 288 125 116 34 95 236
 377 62 243 162 189 162 105 209 315 245
 457 477 22 356 365 354 382 298 21 376
 431 263 176 307 147 65 182 325 114 421
 434 472 496 178 71 153 377 149 130 437
 228 303 278 259 34 429 15 454 386 139
 3 117 174 23 427 33 2 3 60 4
 100 102 295 439 329 11 183 325 480 312
 480 30 93 300 439 304 13 153 422 89
 291 247 27 457 262 121 370 253 100 384
 198 82 401 143 356 395 80 396 21 175
 153 80 394 375 247 313 229 304 198 319
 485 310 100 173 131 94 279 72 67 188
 83 197 51 165 214 446 75 180 365 343
 334 430 426 201 395 235 444 464 1 223
 223 296 104 262 433 55 421 436 387 236
 63 470 467 341 60 101 402 207 321 403
 68 55 10 50 107 444 149 97 239 324
 442 487 86 233 453 312 44 204 384 232
 466 210 54 415 37 294 263 21 169 146
 256 386 479 19 284 128 487 376 188 377
 263 66 17 363 260 495 427 139 262 168
 413 440 141 265 261 441 281 52 184 330
 174 90 30 322 296 20 300 189 104 110
 420 249 253 205 204 325 141 304 159 63
 360 274 381 113 158 83 49 71 351 495
 172 190 493 427 301 21 406 98 195 5
 277 172 179 340 424 450 166 64 298 18
 422 146 372 39 159 343 302 458 459 165
 470 196 180 21 354 277 456 485 61 125
 487 21 470 134 125 444 325 386 84 405
 106 338 436 51 212 397 29 95 220 20
 297 220 57 84 327 293 487 382 371 210
 155 496 411 7 381 178 351 140 63 188
 298 277 234 248 343 2 100 377 482 32
 158 432 158 1 226 204 240 345 344 268
 436 108 348 448 87 181 24 440 223 269
 405 277 139 154 14 23 363 29 187 258
 157 287 23 104 451 290 260 245 431 93
 246 318 160 438 145 405 330 91 126 335
 194 364 357 211 67 78 54 237 180 56
 169 453 341 325 266 64 450 81 307 98
 383 229 315 487 104 296 90 333 264 37
 393 369 50 170 330 23 491 236 450 306
 136 372 117 250 144 402 373 232 290 14
 473 133 321 449 413 387 354 428 76 245
 406 266 3 107 67 245 448 170 362 335
 405 185 145 218 440 388 378 382 344 245
 202 24 393 429 284 21 372 498 283 141
 111 298 235 116 293 442 458 458 350 19
 103 101 446 436 77 86 240 470 101 202
 100 194 71 222 169 148 173 96 315 308
 64 415 92 226 79 82 351 416 373 318
 211 219 244 13 219 140 117 101 102 344
 42 132 284 21 414 479 416 487 70 467
 125 134 123 102 8 28 102 179 220 435
 248 222 382 16 362 48 292 60 139 388
 191 78 71 100 11 353 483 246 357 472
 319 476 89 69 348 348 344 318 445 325
 212 275 480 127 204 298 337 20 200 180
 155
 105 498 939 673 339 914 428 866 326 922
 879 412 859 347 48 692 651 142 56 419
 467 659 153 200 51 492 280 46 927 363
 341 629 454 685 550 508 320 416 327 213
 832 250 562 899 267 127 508 878 24 255
 220 516 483 997 428 354 684 15 39 138
 596 995 649 194 925 802 48 140 750 724
 62 883 66 797 633 312 249 959 130 177
 233 538 325 259 87 900 744 548 554 869
 405 741 814 433 696 795 837 322 856 463
 199 242 637 792 939 127 870 972 127 374
 633 198 393 244 360 89 51 30 514 708
 573 200 435 479 495 139 155 451 344 330
 12 674 443 129 20 56 388 308 791 929
 204 70 307 791 728 712 631 604 371 83
 443 643 736 376 546 402 892 595 545 747
 531 322 523 304 552 804 180 557 885 961
 468 291 985 594 85 973 784 35 208 214
 669 315 396 242 688 876 70 547 3 554
 112 989 583 468 909 258 580 505 359 509
 467 934 992 869 527 196 281 587 907 899
 341 281 783 130 267 485 255 911 613 563
 18 289 255 284 381 408 529 656 27 557
 57 998 854 636 647 843 292 51 427 15
 735 584 832 980 471 737 537 103 194 462
 343 854 848 123 801 840 825 597 105 700
 273 967 370 11 708 740 908 254 903 836
 636 568 315 408 174 94 262 550 868 74
 981 240 483 725 464 126 633 319 214 893
 9 895 539 312 135 762 119 634 767 243
 824 334 560 407 146 554 130 108 414 862
 661 742 70 949 146 747 842 443 663 801
 984 984 106 40 203 651 497 615 504 8
 363 80 251 623 313 284 769 186 713 325
 567 392 555 688 913 986 656 983 86 315
 630 179 723 632 988 355 738 139 302 903
 494 369 317 908 54 737 701 252 429 416
 619 442 646 941 313 480 456 664 700 43
 863 493 395 306 272 301 431 398 672 776
 0 481 16 488 796 75 46 931 651 399
 144 525 476 35 879 39 354 501 210 725
 848 688 529 13 169 967 401 349 493 788
 433 732 490 123 156 58 745 847 827 153
 256 755 372 119 127 288 161 769 702 48
 154 153 881 417 1 979 375 573 547 737
 763 171 264 304 693 914 531 440 6 72
 320 658 977 148 698 496 641 374 329 419
 671 374 967 643 44 454 349 52 249 951
 147 28 761 685 379 20 699 124 122 205
 615 645 45 749 331 691 438 418 764 172
 76 474 107 295 945 229 212 570 368 373
 410 340 967 874 202 627 759 385 766 686
 59 615 98 82 831 827 955 460 323 566
 436 955 342 785 492 255 800 45 973 456
 903 71 277 259 320 597 616 752 513 558
 437 539 562 973 292 807 287 404 278 494
 424 492 990 758 540 722 175 44 351 703
 618 995 733 595 860 5 742 933 48 109
 760 399 365 724 290 985 840 778 295 100
 298 551 25 779 692 54 701 785 52 365
 561 288 175 167 270 258 448 236 963 390
 882 379 16 638 745 410 583 876 865 327
 256 383 652 471 521 669 918 829 858 627
 604 356 473 844 940 239 185 352 175 20
 237 15 343 266 760 152 166 189 785 867
 440 675 604 613 165 571 355 615 837 787
 910 68 222 252 198 650 462 809 216 48
 380 958 834 266 586 104 729 603 512 974
 141 153 667 142 8 457 888 318 495 323
 705 772 276 422 107 803 128 503 236 240
 776 335 574 176 311 569 908 901 94 197
 601 20 169 599 153 907 522 861 358 596
 694 592 683 170 727 684 631 912 987 300
 381 824 309 451 354 576 542 200 396 793
 48 621 616 110 515 796 5 99 303 965
 393