250
 39 349 52 52 8 298 243 272 115 18
 366 277 38 366 96 215 316 26 449 150
 426 78 45 150 86 499 403 256 273 220
 454 497 281 167 258 229 420 216 61 449
 383 47 210 326 239 244 459 131 64 51
 126 23 197 106 335 57 279 376 24 212
 260 273 485 421 340 475 280 182 195 475
 191 118 50 21 167 386 37 390 353 96
 352 310 65 181 422 90 392 429 9 304
 341 178 52 72 225 272 314 282 354 433
 387 272 283 176 401 455 338 212 460 50
 411 492 99 96 313 376 440 405 318 282
 241 262 322 398 463 177 52 181 394 145
 168 157 357 358 9 395 148 317 284 211
 326 215 342 440 157 486 437 337 333 412
 195 380 4 10 224 356 147 37 479 189
 11 199 83 29 226 293 151 389 424 379
 430 267 406 158 148 488 313 456 378 431
 78 303 9 159 416 115 294 351 303 440
 319 392 217 389 27 142 260 272 223 216
 19 88 298 249 84 146 239 39 159 280
 267 19 382 173 217 456 494 196 0 433
 356 124 156 378 30 332 373 181 283 193
 164 105 269 93 448 328 208 342 460 242
 442 13 39 332 369 29 369 215 72 45
 77
 63 876 77 671 623 578 688 420 384 983
 686 613 656 765 179 368 253 265 594 752
 9 204 971 251 739 98 219 828 32 718
 997 564 967 624 282 224 25 840 473 846
 449 485 424 952 545 852 966 569 201 874
 825 933 490 845 335 666 856 425 419 943
 808 254 585 732 599 376 293 864 436 224
 710 319 825 537 900 904 539 707 706 730
 743 677 234 946 403 274 381 135 443 258
 568 834 190 838 963 687 23 152 470 821
 792 115 183 152 834 897 734 64 769 842
 416 182 841 199 124 527 918 536 457 565
 221 784 361 325 926 418 949 448 938 309
 367 572 861 256 489 669 85 971 55 468
 511 265 151 1 58 614 432 215 974 784
 133 531 351 126 730 119 703 994 992 733
 543 448 55 139 961 18 393 654 357 194
 657 773 704 57 275 765 755 822 833 650
 292 490 967 933 39 835 583 578 652 404
 129 732 540 480 666 752 152 789 829 294
 61 497 847 513 84 738 596 116 155 393
 170 80 545 802 17 919 247 700 325 607
 841 128 789 481 792 771 131 929 924 252
 106 715 943 510 119 66 688 814 814 622
 896 820 946 581 912 307 405 183 792 260
 669