250
 269 351 467 188 119 75 357 345 406 220
 342 210 12 239 489 463 62 249 255 398
 242 298 168 261 439 363 335 238 59 38
 269 345 208 358 162 167 188 262 339 466
 355 155 288 152 418 3 198 423 441 415
 212 84 230 80 138 226 163 200 213 187
 126 182 323 226 104 290 446 92 471 161
 369 214 394 91 452 432 84 229 190 285
 474 168 91 307 480 15 69 333 114 359
 149 383 242 281 169 168 490 28 281 188
 179 49 243 28 111 324 335 188 489 84
 380 238 251 314 38 39 454 401 263 228
 196 456 212 389 27 177 59 193 140 83
 78 489 126 36 438 455 241 254 423 170
 458 215 490 497 411 250 52 208 1 425
 253 386 229 437 275 71 68 54 491 338
 251 153 355 157 373 342 45 183 498 266
 476 178 413 111 81 155 499 109 203 56
 150 119 284 396 291 94 289 310 107 302
 428 113 233 320 110 434 90 28 188 160
 460 163 167 89 33 115 181 412 181 205
 95 115 52 255 111 456 499 264 27 144
 311 108 158 402 437 395 289 120 264 321
 282 335 70 108 232 74 417 439 479 293
 147 220 343 354 389 169 56 361 61 236
 109
 834 234 110 825 994 643 980 183 48 108
 230 932 221 428 748 844 586 595 838 155
 674 717 848 319 49 948 815 878 804 257
 254 177 868 834 514 602 432 55 874 773
 758 248 405 600 550 482 682 254 47 682
 337 762 821 273 264 63 254 542 945 434
 301 103 500 493 568 5 185 521 134 500
 231 665 69 431 186 495 976 401 201 607
 561 240 95 544 546 4 104 694 144 723
 772 784 570 379 187 747 398 582 816 492
 726 561 504 546 315 297 365 330 530 862
 21 229 284 223 71 656 924 407 567 385
 318 173 99 883 892 86 799 696 390 134
 874 782 382 588 625 860 594 579 850 529
 384 959 478 334 339 774 100 416 360 703
 403 440 530 187 454 520 587 473 837 113
 583 669 566 31 444 19 421 10 196 261
 745 102 544 187 217 600 392 71 148 543
 121 100 686 815 905 680 123 668 351 343
 621 22 260 887 96 413 276 779 612 952
 940 747 309 882 757 886 385 383 850 685
 431 278 825 268 461 901 442 357 900 958
 947 610 887 378 777 724 570 29 668 281
 730 786 272 113 21 483 976 398 405 513
 514 753 531 377 601 290 449 338 508 505
 675