250
 445 497 107 144 217 8 461 126 493 160
 182 82 372 128 123 332 8 309 0 64
 324 337 455 174 74 302 328 380 94 485
 220 402 393 327 251 92 104 125 341 10
 318 413 456 253 34 243 108 294 38 444
 153 263 469 130 455 253 124 279 200 497
 18 67 196 358 356 451 172 120 381 491
 326 21 322 473 491 342 38 285 218 374
 369 445 409 119 321 147 79 237 200 80
 269 497 114 249 490 436 256 440 258 97
 123 15 194 98 457 130 460 124 173 266
 398 444 398 75 191 306 107 256 21 137
 246 459 180 324 183 178 414 105 102 264
 336 299 356 267 343 438 415 338 362 419
 155 84 289 333 473 142 338 347 80 192
 249 61 176 330 51 8 95 425 66 175
 411 482 354 301 137 204 376 311 268 461
 358 80 2 461 297 136 480 139 375 356
 302 324 467 200 168 16 462 210 438 0
 491 272 208 108 206 264 110 332 91 97
 389 175 449 168 136 416 389 408 353 469
 269 268 370 419 477 418 34 446 283 423
 234 439 444 143 356 337 464 211 206 499
 283 234 183 355 389 97 335 484 338 4
 415 430 272 309 43 482 92 325 147 326
 13
 16 213 717 313 988 119 447 257 288 765
 394 456 497 276 445 809 307 769 514 798
 149 67 631 584 722 140 474 941 393 413
 352 564 67 532 557 471 577 893 436 668
 327 708 736 77 434 785 149 157 244 661
 363 221 675 163 307 696 994 999 305 255
 857 93 858 509 79 330 838 151 28 797
 450 632 166 324 354 449 374 5 137 366
 749 53 323 144 393 405 557 228 795 145
 348 984 941 92 829 606 25 384 221 538
 641 186 176 340 530 210 411 217 659 878
 539 422 377 758 692 940 66 788 393 314
 47 454 324 533 433 735 594 97 802 900
 311 800 358 883 581 662 414 42 559 763
 330 758 943 61 332 57 296 23 82 532
 573 247 155 675 472 9 581 112 457 641
 414 956 290 862 369 687 348 360 235 843
 176 760 862 561 587 405 160 524 894 6
 975 305 233 697 143 153 126 297 191 288
 518 802 267 864 261 201 868 786 943 329
 841 445 801 582 639 195 542 372 665 261
 555 360 978 529 337 290 28 348 266 62
 421 620 915 651 42 295 254 758 909 473
 354 861 317 529 347 143 978 233 575 236
 269 504 649 962 44 294 724 713 52 777
 252