250
 388 438 10 460 41 231 278 266 418 439
 138 135 336 61 464 407 98 371 456 479
 4 312 62 65 49 392 388 85 342 195
 77 23 409 382 398 306 428 67 243 210
 120 258 121 105 461 446 385 203 158 74
 338 420 49 18 363 437 376 194 41 200
 380 72 427 463 343 409 369 78 212 391
 411 341 157 460 453 419 166 287 177 385
 393 241 450 104 379 438 463 379 323 58
 272 125 424 4 425 202 49 249 67 338
 454 228 227 438 401 390 317 119 297 444
 108 115 4 298 210 367 349 456 460 129
 240 280 385 349 215 207 196 493 285 131
 343 54 158 265 422 440 443 238 169 150
 86 94 256 445 497 107 144 217 8 461
 126 493 160 182 82 372 128 123 332 8
 309 0 64 324 337 455 174 74 302 328
 380 94 485 220 402 393 327 251 92 104
 125 341 10 318 413 456 253 34 243 108
 294 38 444 153 263 469 130 455 253 124
 279 200 497 18 67 196 358 356 451 172
 120 381 491 326 21 322 473 491 342 38
 285 218 374 369 445 409 119 321 147 79
 237 200 80 269 497 114 249 490 436 256
 440 258 97 123 15 194 98 457 130 460
 124
 346 532 796 888 796 151 382 613 214 512
 42 274 492 919 360 649 366 357 829 211
 205 529 673 598 713 534 686 877 830 676
 725 838 311 169 579 666 946 284 676 695
 161 385 499 122 352 661 103 17 190 850
 133 351 823 964 708 603 274 408 752 623
 537 922 717 161 4 922 594 273 961 278
 751 712 604 649 934 400 336 32 924 421
 877 1 982 545 416 217 413 529 220 665
 182 194 778 350 898 336 272 833 778 817
 706 938 538 536 741 838 955 837 69 893
 567 847 469 878 888 287 713 675 929 423
 412 998 567 469 367 711 778 195 670 969
 676 9 831 861 545 618 86 965 185 650
 294 653 27 16 213 717 313 988 119 447
 257 288 765 394 456 497 276 445 809 307
 769 514 798 149 67 631 584 722 140 474
 941 393 413 352 564 67 532 557 471 577
 893 436 668 327 708 736 77 434 785 149
 157 244 661 363 221 675 163 307 696 994
 999 305 255 857 93 858 509 79 330 838
 151 28 797 450 632 166 324 354 449 374
 5 137 366 749 53 323 144 393 405 557
 228 795 145 348 984 941 92 829 606 25
 384 221 538 641 186 176 340 530 210 411
 217