250
 329 439 269 211 188 379 346 470 33 394
 196 157 23 227 162 266 216 367 297 48
 401 450 155 400 179 441 290 331 207 21
 279 381 165 379 471 30 166 28 148 11
 41 266 286 123 77 337 236 4 290 56
 228 320 207 478 145 431 184 343 174 180
 117 421 88 380 431 280 293 202 80 262
 447 3 487 152 116 348 71 76 63 148
 95 144 259 401 133 432 130 100 434 393
 471 164 420 222 400 291 319 97 271 186
 332 130 277 180 489 264 168 145 14 174
 133 31 210 310 457 325 21 147 127 379
 454 236 177 430 158 264 173 71 489 116
 287 118 134 252 324 481 22 147 362 356
 26 388 126 300 63 80 241 140 51 451
 215 113 195 472 333 251 293 16 303 143
 204 70 319 496 469 136 409 20 217 373
 450 490 371 423 16 386 326 379 393 327
 172 5 393 93 66 391 121 166 240 43
 272 203 35 299 70 397 295 477 247 164
 193 388 265 209 115 28 341 103 413 268
 90 68 40 51 230 165 308 435 53 57
 412 358 411 116 68 21 5 55 52 81
 386 428 75 250 438 382 34 462 329 253
 31 327 296 107 427 389 424 125 433 35
 494
 766 434 551 843 127 794 383 775 622 840
 108 128 632 89 626 526 914 798 57 139
 311 855 595 277 501 112 555 839 882 832
 884 932 591 410 882 286 469 835 773 666
 494 815 19 572 183 477 105 561 714 317
 685 523 836 653 531 892 889 436 880 833
 189 18 593 352 824 547 546 265 144 803
 227 209 505 838 42 951 622 154 263 711
 348 748 670 776 347 387 345 948 726 329
 123 676 319 511 213 622 913 685 58 509
 957 366 890 997 975 614 578 413 599 402
 713 148 848 332 806 249 64 384 440 535
 343 201 157 881 656 832 892 548 307 96
 153 446 481 183 393 986 304 846 331 711
 472 635 823 634 424 954 580 476 892 326
 785 220 813 853 142 932 353 978 367 986
 133 293 340 57 621 421 172 312 174 901
 914 904 319 209 367 875 396 309 530 373
 518 539 546 802 155 699 299 640 759 774
 201 264 822 285 371 686 117 446 368 868
 89 827 641 672 635 26 714 526 830 643
 435 889 152 934 190 508 730 783 807 781
 807 677 653 762 560 579 652 687 665 677
 961 23 288 809 384 715 680 81 41 713
 349 903 333 845 535 771 421 882 889 79
 977