500
 499 426 2 491 93 7 329 187 382 229
 177 240 434 344 344 456 251 96 56 171
 467 383 282 184 495 305 107 98 27 108
 480 198 301 461 375 246 85 301 358 368
 287 44 135 397 403 274 7 220 276 290
 289 193 179 320 222 378 455 279 117 132
 151 444 390 10 99 16 98 38 150 88
 483 341 390 160 442 377 446 139 472 202
 339 499 121 419 414 371 226 241 27 143
 213 107 477 230 332 115 451 437 50 30
 409 439 295 311 68 252 231 237 9 255
 425 454 217 305 360 206 376 462 372 99
 85 105 477 117 359 250 353 186 138 487
 464 179 335 21 210 305 52 208 321 190
 395 109 487 283 462 465 40 320 452 409
 489 364 136 145 26 296 221 236 318 243
 310 22 370 252 325 106 274 265 58 394
 451 370 371 454 274 251 158 51 83 135
 269 316 375 121 302 381 313 343 171 475
 404 423 237 99 358 74 224 353 291 379
 459 493 207 392 494 333 207 406 144 164
 263 357 106 26 46 334 45 305 244 464
 34 126 221 127 414 476 489 329 441 463
 184 366 404 274 358 74 379 241 261 218
 267 211 280 251 442 77 0 273 278 93
 85 119 76 337 111 326 127 463 424 95
 290 141 201 241 89 266 359 331 329 185
 440 357 352 255 386 14 496 422 272 213
 186 29 184 450 83 273 300 276 332 372
 491 4 482 207 489 118 392 406 93 87
 239 2 102 186 133 88 371 497 477 0
 404 109 159 342 231 52 219 419 404 432
 161 76 493 44 155 219 123 450 257 222
 120 315 234 466 349 186 108 385 327 365
 347 327 397 37 472 379 454 201 168 322
 142 409 1 433 357 430 89 83 195 437
 15 112 127 491 201 239 106 391 321 183
 46 108 90 43 262 172 37 189 91 406
 276 70 276 293 299 292 395 480 253 195
 10 378 376 63 348 21 484 416 113 404
 294 242 259 495 79 385 270 106 406 312
 273 368 486 175 193 409 86 412 204 309
 26 262 66 73 178 5 422 439 495 304
 184 357 6 223 104 487 45 416 348 253
 145 280 84 477 139 413 494 46 139 295
 29 139 68 85 493 472 333 142 353 339
 210 216 320 70 16 181 66 492 342 362
 269 166 128 357 38 226 362 420 362 412
 109 216 378 121 495 385 453 384 420 461
 280 267 350 246 197 398 468 114 197 98
 387
 875 575 100 323 808 275 832 599 119 510
 383 660 627 203 684 25 238 797 231 830
 989 540 305 501 664 823 713 53 641 968
 233 534 390 861 144 486 335 360 96 898
 146 228 678 173 387 366 979 895 714 837
 124 829 712 93 650 200 758 950 455 162
 447 925 783 267 554 861 21 946 749 277
 676 560 865 539 137 413 22 769 307 260
 794 963 94 65 532 567 800 899 737 491
 301 352 936 786 838 302 992 386 934 901
 693 794 271 580 440 277 638 566 631 395
 469 477 36 539 639 489 601 338 375 507
 870 728 299 981 706 712 889 825 171 479
 705 600 763 22 236 145 463 81 474 624
 750 976 138 685 731 185 194 921 752 574
 648 360 150 131 228 124 273 218 494 732
 391 298 198 676 845 105 978 393 823 501
 783 499 726 852 434 809 403 701 133 557
 167 234 557 501 250 943 217 15 957 130
 93 732 940 375 433 373 241 335 380 110
 223 35 924 824 85 882 30 816 725 351
 708 514 292 221 263 26 821 606 789 524
 257 688 431 209 80 197 532 634 525 627
 674 84 477 578 67 426 280 423 667 528
 733 464 293 158 764 376 740 898 967 472
 364 897 459 502 960 498 602 834 913 390
 259 34 600 282 698 416 715 720 318 528
 729 198 415 66 469 436 225 491 91 829
 178 154 919 489 903 454 82 336 164 973
 772 924 644 585 902 370 556 601 437 257
 2 26 104 413 887 403 123 490 32 598
 364 728 282 946 4 769 409 83 755 441
 885 828 978 348 566 774 852 951 514 765
 329 328 481 636 302 774 356 237 142 244
 176 235 596 115 60 763 534 755 885 899
 791 114 544 396 155 640 335 808 529 828
 266 818 948 897 430 77 641 354 788 440
 248 476 285 406 851 411 101 474 996 919
 849 333 776 660 105 671 707 781 642 466
 254 597 588 20 851 208 164 763 710 939
 897 663 925 209 701 200 384 778 218 386
 597 587 934 628 59 564 552 533 608 254
 803 205 446 534 70 147 636 96 972 704
 224 905 380 52 897 383 985 984 470 80
 238 99 251 608 406 89 539 159 836 116
 124 422 828 174 646 251 333 472 331 775
 988 668 8 492 997 837 37 400 602 932
 816 658 288 771 289 124 761 340 797 791
 711 166 255 706 649 441 762 16 155 190
 206 119 745 619 659 564 16 200 445 527
 988