250
 127 490 237 214 486 5 232 286 246 387
 213 9 266 416 326 66 200 463 329 155
 499 104 34 41 433 221 487 335 121 242
 490 53 86 109 471 241 377 312 226 66
 420 392 439 43 316 387 318 211 425 145
 7 322 177 358 238 307 71 90 192 30
 39 164 47 315 344 376 56 326 407 281
 401 156 164 162 285 384 151 157 62 409
 55 5 430 442 453 434 287 128 400 155
 180 145 39 366 343 137 425 295 184 165
 318 138 267 270 344 30 233 271 490 433
 157 340 439 21 315 37 289 108 26 133
 218 349 301 350 160 172 163 413 328 319
 393 483 63 158 233 377 340 307 140 76
 24 375 220 118 377 422 236 192 444 447
 319 96 59 62 446 357 195 246 56 239
 87 122 231 443 255 269 292 41 342 423
 347 493 173 406 198 230 458 198 210 209
 238 54 317 314 287 52 290 118 267 295
 65 265 110 127 275 208 217 321 472 469
 248 404 135 343 17 182 293 9 94 136
 275 246 214 54 163 17 404 190 14 168
 354 466 359 449 114 325 376 103 154 346
 441 129 242 356 357 204 42 286 107 438
 99 361 416 343 161 377 377 248 9 407
 102
 244 699 889 390 762 278 683 901 483 726
 30 633 10 241 548 864 412 359 647 21
 975 322 482 239 98 668 373 529 457 828
 154 86 811 949 703 760 52 123 816 144
 698 575 360 358 147 991 293 881 203 514
 325 970 210 53 74 247 157 547 931 498
 830 955 911 582 911 215 346 930 497 754
 573 294 410 773 429 379 908 625 404 712
 222 743 486 971 219 178 377 708 266 225
 184 886 533 452 777 128 255 659 343 598
 301 638 69 875 527 852 593 744 54 216
 282 126 142 796 142 377 360 279 352 877
 283 552 979 241 293 718 984 312 548 547
 367 305 998 853 4 983 186 14 658 375
 765 459 355 481 869 689 689 912 502 192
 112 343 934 766 564 369 990 611 214 196
 54 216 961 396 603 923 750 493 170 602
 716 736 574 88 270 794 806 548 14 441
 553 580 578 387 358 641 444 757 911 559
 235 265 302 889 781 20 199 33 196 77
 300 177 966 683 780 320 885 754 892 278
 945 404 679 998 243 838 828 743 453 482
 54 286 426 215 954 461 664 231 902 874
 101 60 819 879 591 622 136 504 462 474
 19 510 851 909 434 610 721 413 752 925
 744