750
 321 228 210 163 183 266 355 218 208 366
 424 300 377 9 301 97 171 75 431 444
 115 115 286 319 461 207 71 232 52 378
 108 204 476 467 24 196 220 312 219 95
 419 305 52 276 133 23 286 66 133 449
 212 322 484 284 287 213 295 146 225 150
 386 59 482 57 376 336 78 131 67 119
 440 205 99 288 214 187 168 488 143 375
 311 120 427 137 322 182 295 330 152 425
 199 388 191 140 359 453 289 121 65 173
 70 93 298 146 300 275 407 146 283 38
 432 309 211 137 157 203 280 201 263 382
 114 120 158 355 400 34 249 105 196 205
 429 102 145 47 60 169 171 291 146 227
 135 33 115 49 460 413 287 89 407 476
 487 255 353 221 489 448 234 146 447 250
 39 452 450 126 375 38 260 32 227 258
 241 327 100 393 86 313 459 234 242 59
 16 76 107 326 288 92 421 412 227 349
 81 380 208 129 449 418 400 17 241 69
 390 320 325 326 419 248 403 413 431 475
 326 401 2 216 263 88 412 94 372 60
 249 15 264 308 73 233 237 231 60 52
 226 21 317 86 31 286 130 166 178 436
 238 51 2 302 338 439 85 81 371 156
 249 58 419 287 88 334 210 134 214 115
 481 64 126 155 469 499 164 153 19 378
 137 251 123 163 42 476 15 185 310 191
 372 73 309 447 21 349 13 34 155 462
 1 182 479 108 367 54 40 391 137 309
 248 363 79 79 199 108 306 58 242 166
 474 41 330 48 410 0 460 193 91 483
 318 99 281 225 29 137 399 374 204 496
 56 427 29 431 159 135 369 247 135 199
 81 12 97 481 449 135 169 495 274 234
 125 433 220 235 112 138 237 47 477 274
 162 158 184 288 308 445 274 362 261 151
 256 181 11 10 167 380 54 117 391 421
 71 301 377 265 433 298 185 310 410 109
 144 249 423 165 302 246 268 180 496 324
 63 10 380 60 34 283 19 437 77 8
 295 247 238 403 143 104 395 498 319 223
 267 434 18 420 196 326 297 127 405 165
 361 9 390 266 147 322 405 150 184 358
 99 361 272 176 446 330 391 133 82 248
 480 149 331 124 91 292 389 439 173 482
 125 176 448 328 212 73 276 407 360 35
 49 471 196 339 171 465 256 143 464 382
 414 110 481 12 311 273 213 369 402 364
 117 451 2 103 395 11 189 146 164 115
 276 247 292 233 320 199 191 378 161 97
 261 13 265 143 29 335 12 207 402 495
 156 276 17 118 245 176 399 344 197 272
 277 487 398 439 153 441 49 488 164 277
 176 5 2 412 249 310 232 112 104 9
 169 451 358 200 140 204 399 35 235 27
 144 50 391 403 405 173 398 286 146 417
 191 472 22 124 488 346 469 11 405 281
 91 213 246 277 230 181 422 90 163 409
 171 392 175 153 202 84 280 352 31 116
 356 365 452 316 343 293 252 229 328 58
 430 403 190 457 408 253 313 21 351 297
 319 3 441 140 255 295 23 210 246 496
 208 444 422 323 281 71 176 164 216 349
 49 382 444 170 400 211 353 288 262 24
 475 66 52 103 81 466 70 319 247 260
 241 67 372 331 124 134 159 45 182 176
 225 258 35 289 451 313 151 489 27 29
 43 377 226 415 359 384 338 444 200 225
 60 124 257 29 403 200 74 450 376 199
 213 201 271 7 43 436 76 428 172 266
 31 401 393 156 26 424 453 354 97 471
 39 329 220 386 151 431 149 305 410 293
 386 396 47 468 170 255 34 8 201 129
 206 151 19 437 495 479 136 233 158 199
 365
 95 530 87 60 88 203 898 951 104 884
 220 517 477 362 237 848 223 249 342 47
 555 94 136 427 625 197 97 951 933 712
 497 12 955 541 396 568 139 592 118 683
 338 372 437 611 329 413 799 611 381 567
 320 997 956 774 74 86 828 788 86 903
 564 673 91 864 64 121 642 43 807 206
 230 286 710 256 29 940 209 255 601 864
 991 412 582 718 795 76 745 503 346 258
 652 663 192 600 533 0 937 664 477 739
 969 375 47 962 777 956 395 786 61 480
 591 808 525 788 147 507 317 599 780 971
 795 366 633 876 759 514 554 142 860 539
 196 701 229 689 228 569 229 762 689 542
 96 958 223 101 979 811 302 604 783 212
 180 224 730 520 18 394 27 322 276 240
 805 796 526 75 656 174 331 437 889 423
 103 985 632 703 80 939 46 430 421 786
 475 284 62 914 724 644 885 179 333 124
 12 686 22 914 316 627 391 832 505 640
 754 239 699 37 487 123 319 370 25 431
 969 799 772 776 718 506 654 608 125 822
 101 342 936 189 616 232 661 358 138 865
 252 619 563 454 16 245 594 839 312 164
 969 404 650 268 536 213 64 732 171 938
 508 768 849 890 890 792 617 615 390 161
 912 407 575 194 765 193 475 363 757 577
 145 83 443 889 668 574 421 401 412 818
 456 102 240 722 12 801 196 23 71 469
 244 769 519 836 994 434 772 481 904 539
 71 746 765 191 944 438 406 515 935 595
 915 871 488 973 710 502 98 87 486 305
 471 377 376 192 265 266 793 335 633 49
 365 231 385 974 539 89 452 862 12 224
 602 643 75 421 972 245 280 440 191 0
 55 159 135 64 368 271 997 551 253 172
 975 60 664 371 368 934 743 798 283 804
 266 628 380 639 820 220 768 457 928 594
 902 836 883 561 177 831 656 118 792 259
 5 400 410 172 787 731 241 864 312 162
 675 763 572 401 571 446 40 794 684 784
 152 176 275 843 457 182 857 719 890 145
 431 735 871 24 674 435 414 34 0 966
 735 848 317 928 840 306 225 588 635 626
 115 235 928 954 101 250 976 284 905 771
 565 644 444 687 970 830 829 61 88 154
 811 523 888 714 815 643 698 433 526 763
 433 124 37 374 797 729 209 22 117 230
 670 627 148 127 55 140 812 479 401 970
 149 37 349 982 804 743 145 977 849 246
 28 670 446 538 2 602 914 608 685 749
 567 50 922 255 145 980 692 153 823 207
 605 269 56 573 333 967 400 397 925 267
 586 934 798 241 702 651 400 113 173 369
 112 522 292 8 982 16 328 505 97 0
 991 500 447 504 939 518 294 434 279 159
 641 252 596 91 522 868 388 376 693 728
 525 237 457 859 521 569 781 483 806 69
 50 894 419 813 178 658 253 363 612 632
 677 931 234 679 341 110 229 197 783 175
 805 603 395 540 989 226 470 441 544 836
 143 557 150 256 474 546 825 651 230 319
 420 913 76 891 659 545 337 23 413 883
 498 27 599 489 579 483 194 315 431 812
 624 735 286 848 183 16 480 116 80 108
 959 425 629 292 377 132 375 526 810 723
 949 789 45 587 124 633 648 828 210 865
 166 444 266 195 406 8 637 852 157 223
 576 111 225 742 443 966 968 568 949 807
 982 231 17 925 622 771 138 334 834 313
 20 122 535 810 327 783 497 314 509 235
 854 685 607 503 873 710 523 268 379 34
 968 968 946 7 102 521 950 337 264 620
 874 659 261 148 93 34 182 954 555 369
 878 586 714 595 747 773 456 447 635 426
 516