500
 123 120 370 480 373 495 353 125 452 437
 252 180 206 170 96 100 414 463 15 341
 403 178 420 293 316 315 436 480 259 229
 347 318 454 456 359 45 428 379 331 379
 346 227 467 453 246 323 450 448 292 238
 68 110 148 320 63 452 252 431 190 384
 226 458 52 180 121 63 418 362 66 162
 191 346 343 177 10 215 142 362 477 245
 319 467 172 255 372 143 2 6 92 222
 93 347 318 130 123 33 344 192 281 477
 457 444 348 371 425 446 51 478 421 224
 57 368 299 426 263 303 241 123 169 351
 27 133 277 366 357 315 380 457 451 305
 346 333 114 395 34 35 59 415 137 191
 257 34 128 302 390 212 341 388 97 127
 382 312 392 23 52 99 33 23 341 161
 418 42 140 326 488 426 307 19 117 36
 338 394 393 151 161 415 46 437 89 475
 183 343 88 273 176 449 449 160 117 310
 289 114 41 247 324 148 439 39 342 376
 472 163 72 101 395 135 67 324 145 315
 455 456 465 204 394 477 227 297 16 399
 302 234 200 424 364 29 182 226 40 256
 168 355 423 362 318 280 367 301 308 103
 416 483 257 8 65 310 303 77 144 57
 163 498 22 205 485 11 310 3 493 433
 457 114 396 464 68 180 20 247 118 419
 165 217 170 259 31 80 10 435 123 371
 179 210 64 349 348 445 353 114 127 326
 123 252 20 294 162 367 168 363 26 315
 429 190 187 293 452 392 454 104 253 126
 302 275 52 494 152 55 299 356 292 491
 124 40 373 201 288 498 491 122 151 268
 176 27 257 275 129 247 415 344 366 76
 212 311 69 280 180 363 133 351 299 135
 442 125 445 192 441 125 151 198 431 177
 16 103 271 103 139 284 445 368 10 311
 305 373 4 428 67 71 414 428 454 446
 369 161 205 466 171 470 68 195 412 278
 182 60 1 49 467 65 323 111 139 303
 238 214 203 337 357 247 497 297 104 221
 300 393 260 368 46 74 52 84 232 468
 0 74 306 259 54 485 392 290 266 350
 308 216 99 83 117 117 285 52 158 404
 27 151 460 96 456 417 417 208 466 228
 385 339 46 69 75 120 279 339 355 72
 459 50 127 161 254 142 2 66 390 82
 444 168 480 38 16 125 246 306 203 124
 242 114 404 263 462 222 433 365 279 275
 237 471 317 90 381 354 1 29 284 149
 499
 543 585 750 780 226 644 594 320 394 58
 167 637 402 456 330 46 226 429 207 524
 268 110 81 662 616 237 760 302 189 748
 789 216 744 509 338 864 659 584 341 956
 461 814 994 788 515 466 888 371 102 561
 687 591 713 325 548 906 910 402 72 743
 191 733 794 434 365 3 152 819 610 866
 761 548 302 298 22 805 393 407 659 363
 408 753 887 274 621 651 813 329 958 187
 336 987 612 694 102 828 1 360 13 265
 762 671 215 991 814 973 787 605 592 218
 889 257 845 689 364 876 865 677 290 191
 168 715 46 742 465 615 863 563 428 787
 497 554 553 165 696 379 274 931 156 308
 879 793 335 779 897 443 804 958 939 974
 199 770 526 22 922 86 126 914 224 806
 303 976 130 963 833 815 837 786 423 611
 519 701 979 966 693 189 40 835 487 14
 634 75 102 280 180 914 872 761 812 427
 539 697 353 468 492 462 30 542 382 104
 978 481 907 266 289 314 264 125 800 650
 89 799 345 161 258 470 288 368 107 614
 577 550 815 76 676 687 32 521 379 659
 637 965 186 193 2 362 320 676 702 957
 520 723 378 381 891 994 620 467 267 363
 782 269 626 298 199 821 380 533 335 672
 130 741 559 38 604 803 835 819 508 320
 291 833 233 65 889 484 15 300 231 488
 662 483 472 74 305 183 791 631 831 832
 20 597 603 932 893 88 744 737 682 258
 841 737 581 268 905 974 336 993 258 579
 561 453 975 907 933 592 678 401 412 522
 256 254 896 552 189 686 821 530 279 983
 138 690 377 370 193 140 221 470 54 813
 677 3 372 410 110 144 443 395 227 171
 249 25 350 629 805 517 404 168 32 607
 151 509 602 827 972 909 509 244 479 851
 916 906 238 35 597 120 831 588 415 611
 214 291 12 536 807 613 996 768 430 962
 931 881 399 957 526 221 353 836 608 285
 926 924 403 261 761 154 180 735 972 611
 402 504 598 563 475 530 159 459 660 955
 393 704 596 83 514 454 35 418 76 949
 188 452 159 266 548 986 446 512 241 507
 729 621 402 485 332 764 169 628 579 464
 130 958 771 884 296 583 273 797 906 475
 589 110 337 779 468 33 872 235 256 585
 194 119 376 247 903 834 64 530 100 313
 676 440 460 855 497 229 280 583 443 428
 230 656 246 859 896 206 286 669 123 645
 533