1000
 26 61 408 72 349 287 180 179 73 495
 146 440 101 257 162 485 105 26 37 123
 78 273 465 249 415 477 455 291 455 107
 173 465 248 377 286 147 205 386 214 189
 454 312 202 356 111 371 243 485 109 89
 188 354 133 112 92 443 266 226 388 64
 127 329 171 299 150 319 34 437 263 426
 296 372 27 108 141 63 71 398 71 188
 180 139 176 438 141 276 489 120 146 359
 492 156 274 273 183 152 499 426 2 491
 93 7 329 187 382 229 177 240 434 344
 344 456 251 96 56 171 467 383 282 184
 495 305 107 98 27 108 480 198 301 461
 375 246 85 301 358 368 287 44 135 397
 403 274 7 220 276 290 289 193 179 320
 222 378 455 279 117 132 151 444 390 10
 99 16 98 38 150 88 483 341 390 160
 442 377 446 139 472 202 339 499 121 419
 414 371 226 241 27 143 213 107 477 230
 332 115 451 437 50 30 409 439 295 311
 68 252 231 237 9 255 425 454 217 305
 360 206 376 462 372 99 85 105 477 117
 359 250 353 186 138 487 464 179 335 21
 210 305 52 208 321 190 395 109 487 283
 462 465 40 320 452 409 489 364 136 145
 26 296 221 236 318 243 310 22 370 252
 325 106 274 265 58 394 451 370 371 454
 274 251 158 51 83 135 269 316 375 121
 302 381 313 343 171 475 404 423 237 99
 358 74 224 353 291 379 459 493 207 392
 494 333 207 406 144 164 263 357 106 26
 46 334 45 305 244 464 34 126 221 127
 414 476 489 329 441 463 184 366 404 274
 358 74 379 241 261 218 267 211 280 251
 442 77 0 273 278 93 85 119 76 337
 111 326 127 463 424 95 290 141 201 241
 89 266 359 331 329 185 440 357 352 255
 386 14 496 422 272 213 186 29 184 450
 83 273 300 276 332 372 491 4 482 207
 489 118 392 406 93 87 239 2 102 186
 133 88 371 497 477 0 404 109 159 342
 231 52 219 419 404 432 161 76 493 44
 155 219 123 450 257 222 120 315 234 466
 349 186 108 385 327 365 347 327 397 37
 472 379 454 201 168 322 142 409 1 433
 357 430 89 83 195 437 15 112 127 491
 201 239 106 391 321 183 46 108 90 43
 262 172 37 189 91 406 276 70 276 293
 299 292 395 480 253 195 10 378 376 63
 348 21 484 416 113 404 294 242 259 495
 79 385 270 106 406 312 273 368 486 175
 193 409 86 412 204 309 26 262 66 73
 178 5 422 439 495 304 184 357 6 223
 104 487 45 416 348 253 145 280 84 477
 139 413 494 46 139 295 29 139 68 85
 493 472 333 142 353 339 210 216 320 70
 16 181 66 492 342 362 269 166 128 357
 38 226 362 420 362 412 109 216 378 121
 495 385 453 384 420 461 280 267 350 246
 197 398 468 114 197 98 387 437 287 50
 161 404 137 416 299 59 255 191 330 313
 101 342 12 119 398 115 415 494 270 152
 250 332 411 356 26 320 484 116 267 195
 430 72 243 167 180 48 449 73 114 339
 86 193 183 489 447 357 418 62 414 356
 46 325 100 379 475 227 81 223 462 391
 133 277 430 10 473 374 138 338 280 432
 269 68 206 11 384 153 130 397 481 47
 32 266 283 400 449 368 245 150 176 468
 393 419 151 496 193 467 450 346 397 135
 290 220 138 319 283 315 197 234 238 18
 269 319 244 300 169 187 253 435 364 149
 490 353 356 444 412 85 239 352 300 381
 11 118 72 231 40 237 312 375 488 69
 342 365 92 97 460 376 287 324 180 75
 65 114 62 136 109 247 366 195 149 99
 338 422 52 489 196 411 250 391 249 363
 426 217 404 201 350 66 278 83 117 278
 250 125 471 108 7 478 65 46 366 470
 187 216 186 120 167 190 55 111 17 462
 412 42 441 15 408 362 175 354 257 146
 110 131 13 410 303 394 262 128 344 215
 104 40 98 266 317 262 313 337 42 238
 289 33 213 140 211 333 264 366 232 146
 79 382 188 370 449 483 236 182 448 229
 251 480 249 301 417 456 195 129 17 300
 141 349 208 357 360 159 264 364 99 207
 33 234 218 112 245 45 414 89 77 459
 244 451 227 41 168 82 486 386 462 322
 292 451 185 278 300 218 128 1 13 52
 206 443 201 61 245 16 299 182 364 141
 473 2 384 204 41 377 220 442 414 489
 174 283 387 426 475 257 382 164 164 240
 318 151 387 178 118 71 122 88 117 298
 57 30 381 267 377 442 449 395 57 272
 198 77 320 167 404 264 414 133 409 474
 448 215 38 320 177 394 220 124 238 142
 203 425 205 50 237 498 459 424 166 388
 330 52 335 353 390 321 233 127 298 294
 10 425 104 82 381 355 469 448 331 462
 104
 701 200 384 778 218 386 597 587 934 628
 59 564 552 533 608 254 803 205 446 534
 70 147 636 96 972 704 224 905 380 52
 897 383 985 984 470 80 238 99 251 608
 406 89 539 159 836 116 124 422 828 174
 646 251 333 472 331 775 988 668 8 492
 997 837 37 400 602 932 816 658 288 771
 289 124 761 340 797 791 711 166 255 706
 649 441 762 16 155 190 206 119 745 619
 659 564 16 200 445 527 988 154 785 558
 964 510 21 922 171 942 513 896 42 559
 604 751 621 906 719 477 174 816 409 548
 37 492 211 515 490 528 382 822 908 159
 304 684 799 779 305 898 117 237 747 920
 189 675 694 937 962 759 392 320 808 428
 526 138 458 964 46 320 583 669 470 140
 791 356 335 234 822 39 688 638 491 4
 917 654 960 135 796 9 356 195 109 665
 977 279 433 459 670 679 142 283 277 335
 447 612 266 421 685 163 50 711 440 559
 46 504 2 186 968 204 516 418 222 46
 704 667 381 428 724 845 973 190 805 525
 147 78 992 33 320 355 756 719 250 560
 605 138 285 671 980 454 619 744 815 741
 51 129 34 789 710 668 902 653 634 990
 966 563 185 63 87 706 425 529 397 425
 439 397 419 524 589 75 834 761 499 404
 338 929 717 644 428 615 781 136 624 448
 811 237 905 650 798 876 495 589 686 836
 611 530 586 347 511 326 639 833 887 272
 587 960 221 876 32 665 820 651 890 153
 887 22 353 237 162 111 972 213 318 358
 215 275 579 539 440 673 671 228 207 755
 656 22 305 671 133 339 838 736 257 26
 830 230 155 604 894 269 69 410 706 796
 693 351 925 127 285 431 345 144 475 706
 511 693 969 935 956 230 817 281 516 111
 213 223 164 43 151 171 301 116 0 312
 293 124 377 316 435 941 285 288 535 660
 242 73 181 486 345 637 966 496 888 242
 722 310 487 372 156 530 616 454 544 660
 271 714 78 932 28 597 963 899 949 147
 385 693 748 415 249 561 82 484 662 400
 669 745 947 687 837 195 106 301 173 216
 605 141 456 869 807 175 929 766 461 884
 619 303 16 599 677 527 244 663 337 507
 40 107 792 683 199 118 882 401 33 185
 312 828 595 20 41 360 389 948 187 377
 65 904 897 195 408 516 724 802 904 528
 27 157 682 315 473 302 981 475 707 215
 374 566 886 293 972 328 382 426 809 843
 954 480 41 44 997 924 355 901 203 289
 848 280 973 365 757 205 973 872 878 776
 689 926 501 900 544 647 100 930 471 16
 814 683 480 625 533 282 798 701 922 536
 608 679 164 414 42 815 681 990 378 75
 64 468 896 420 552 214 280 306 8 62
 794 495 875 478 289 742 237 699 657 285
 476 319 268 794 675 496 128 695 354 621
 476 697 129 423 498 202 359 504 86 547
 104 195 53 774 227 331 130 712 312 601
 243 521 188 974 645 20 843 651 587 493
 840 177 818 677 316 891 649 703 41 608
 494 893 413 894 293 891 560 676 508 308
 991 207 171 229 281 658 955 375 135 947
 813 749 352 411 702 199 450 316 1 465
 878 12 257 957 904 451 208 879 893 984
 668 523 322 657 607 930 725 190 21 379
 840 191 396 953 220 924 637 165 306 551
 91 776 472 1 0 463 587 500 92 865
 44 832 71 164 992 43 716 369 994 668
 794 634 549 298 193 548 470 916 721 750
 630 797 287 776 71 274 522 316 851 353
 654 858 567 292 287 106 891 225 951 28
 478 956 959 997 446 919 927 152 344 497
 43 487 52 747 604 3 449 782 215 585
 183 698 526 746 262 574 863 73 656 805
 640 869 479 20 426 349 892 35 638 921
 567 687 147 283 897 66 788 588 14 979
 351 117 723 517 850 788 931 379 101 861
 617 862 891 941 824 349 583 452 990 39
 222 181 542 554 704 33 633 599 674 624
 857 404 463 969 192 273 643 995 690 176
 969 887 111 933 777 309 830 544 766 4
 699 635 682 320 861 406 164 575 458 633
 758 608 501 867 785 545 940 49 708 178
 400 988 849 710 384 470 484 348 630 254
 345 53 208 745 983 211 247 535 398 147
 381 50 547 216 193 248 690 447 110 391
 348 616 405 266 774 916 354 170 210 321
 127 518 822 427 182 645 551 131 388 522
 141 278 548 976 837 113 352 797 297 944
 539 813 585 103 960 172 186 596 746 698
 139 519 292 340 476 847 311 190 626 340
 568 796 630 637 512 569 5 380 879 205
 786 378 885 46 831 950 384 425 534 990
 16 967 495 706 748 787 604 354 340 80
 584 42 182 24 939 358 639 190 981 949
 398 327 132 278 84 116 325 189 841 809
 329 942 157 615 52 237 405 196 465 993
 718