750
 93 495 141 81 78 85 57 123 190 385
 100 228 361 400 13 447 138 477 30 413
 8 233 274 242 442 39 470 207 239 117
 223 324 41 301 91 45 444 432 467 449
 37 49 40 307 218 438 240 204 110 341
 56 272 356 27 457 404 462 75 180 158
 444 409 442 32 99 177 307 311 91 118
 49 149 435 268 391 316 322 83 385 328
 418 490 69 88 122 174 57 103 359 409
 496 223 391 73 492 112 0 374 59 2
 7 259 443 263 197 163 208 353 489 486
 203 311 133 81 450 328 357 336 331 246
 447 33 133 485 97 170 164 343 243 337
 260 134 68 56 274 152 171 179 326 234
 359 386 247 114 38 290 129 142 413 396
 144 239 167 315 260 0 394 308 483 137
 110 372 178 473 28 120 5 494 156 188
 301 299 375 413 111 368 473 231 269 331
 438 267 253 215 382 351 200 257 298 30
 87 358 187 434 55 49 309 100 406 362
 242 405 456 123 192 101 337 39 405 176
 448 487 99 305 291 303 67 51 403 348
 90 142 91 288 482 253 56 461 187 276
 125 412 67 163 472 313 280 44 368 156
 177 240 305 381 428 1 217 3 297 56
 181 246 143 456 121 420 114 368 107 359
 220 344 43 387 460 284 74 25 438 133
 427 153 322 29 78 357 5 22 230 160
 108 317 82 255 275 310 367 467 86 54
 26 73 258 62 129 360 380 337 246 445
 341 428 352 444 462 476 189 390 1 76
 403 394 256 285 237 233 246 258 75 478
 373 424 368 285 54 199 224 458 246 85
 408 247 437 84 72 422 104 437 139 482
 402 138 106 32 238 258 301 17 490 483
 327 219 203 344 56 365 94 68 323 415
 271 47 1 99 395 417 45 122 478 312
 372 301 488 289 382 351 207 347 123 286
 65 284 144 241 457 59 203 378 230 490
 341 269 300 195 145 340 403 431 215 287
 93 357 110 496 421 267 128 31 253 344
 35 303 262 295 84 160 292 415 181 19
 436 358 235 167 173 54 106 69 103 38
 292 445 474 124 366 320 429 285 53 157
 379 339 9 25 379 37 122 240 84 439
 434 14 497 434 41 199 216 190 394 449
 421 277 317 301 53 174 35 475 184 264
 392 363 147 24 467 438 363 212 169 58
 465 384 436 461 358 377 473 301 457 403
 295 91 131 331 341 370 136 58 331 174
 158 238 347 70 56 315 161 309 32 206
 262 369 354 469 3 353 310 473 429 171
 499 445 108 60 357 250 274 48 40 295
 293 151 365 123 151 349 120 70 130 345
 208 186 148 164 360 311 57 52 202 319
 78 243 131 26 104 219 300 136 64 441
 471 115 102 481 29 74 464 139 294 409
 85 50 119 118 26 122 66 200 158 200
 459 448 473 165 11 498 255 399 8 365
 421 167 252 424 391 483 398 476 18 62
 157 237 199 232 21 71 260 494 101 248
 428 189 344 244 277 169 307 117 50 194
 101 11 84 264 230 419 287 481 111 287
 161 489 405 449 446 457 446 214 103 433
 293 124 95 436 45 83 344 463 346 374
 435 2 237 258 362 444 254 228 367 428
 413 383 43 127 235 1 241 260 336 231
 354 447 133 364 139 363 161 278 220 265
 20 417 144 463 233 214 326 448 488 425
 460 249 310 53 212 494 219 259 343 471
 101 390 7 388 56 160 311 455 467 187
 400 408 446 83 457 200 377 461 415 358
 315 461 47 52 118 487 228 353 271 242
 208 217 232 115 363 443 125 66 87 473
 449 105 247 294 173 97 24 26 238 60
 201
 117 602 869 147 878 509 687 851 651 211
 771 244 298 310 771 563 718 510 561 691
 26 592 10 774 16 179 798 420 910 896
 381 971 82 876 354 79 242 649 768 628
 661 760 675 795 965 951 626 867 327 563
 174 608 203 843 268 391 85 563 339 444
 789 108 547 742 397 914 414 542 588 12
 363 706 170 639 697 438 969 235 180 323
 556 290 690 130 427 457 462 173 126 976
 310 943 952 963 937 6 138 25 84 350
 66 857 681 119 159 537 888 750 761 722
 417 734 570 135 716 242 450 967 178 743
 211 636 262 825 765 28 337 640 370 680
 696 269 89 105 914 850 24 727 760 668
 524 710 544 399 738 35 594 554 915 354
 756 844 981 905 372 484 269 612 231 622
 455 286 444 3 43 161 413 61 276 415
 803 95 331 781 886 173 791 42 109 359
 44 625 331 436 448 373 710 870 523 766
 884 110 464 900 173 669 53 669 19 632
 427 709 336 626 768 769 955 431 28 997
 50 221 177 582 246 53 131 750 453 628
 110 611 25 313 385 473 432 144 363 417
 806 240 698 604 29 676 668 125 756 167
 261 477 947 51 940 61 498 549 630 329
 646 901 204 561 978 667 836 39 870 812
 941 615 838 663 861 909 215 545 914 190
 528 734 515 51 973 291 409 437 220 697
 255 313 69 857 287 94 647 782 254 173
 321 365 654 398 314 955 227 215 574 287
 83 386 521 734 377 537 51 314 278 499
 234 711 585 56 764 518 215 817 811 694
 739 968 567 921 409 323 970 841 743 336
 961 485 417 70 913 985 208 378 465 823
 250 788 202 401 428 736 626 108 535 305
 910 234 724 73 627 659 219 12 870 594
 741 172 402 261 271 951 157 851 846 463
 611 494 818 136 750 826 998 633 812 82
 928 283 654 572 805 953 899 974 958 568
 29 104 797 609 639 886 433 334 811 686
 714 575 803 47 435 33 837 201 592 277
 810 308 642 167 540 272 682 711 213 206
 786 694 193 60 532 981 247 201 417 333
 685 947 564 80 175 976 243 563 207 34
 408 461 531 489 709 227 959 765 210 741
 161 299 331 514 480 888 659 246 587 672
 173 165 666 251 468 209 440 547 481 93
 375 663 653 0 648 446 911 918 144 706
 999 494 17 932 814 676 816 872 21 224
 672 291 901 566 439 488 173 862 393 791
 524 555 861 396 272 785 65 570 110 961
 249 482 277 276 183 504 42 512 501 714
 552 792 387 835 411 341 310 785 467 455
 536 477 733 487 799 543 863 954 978 992
 376 458 576 485 777 392 271 17 199 645
 588 943 576 599 562 444 22 650 665 70
 206 398 544 450 345 128 45 757 330 712
 615 684 391 254 998 558 144 646 536 96
 202 92 398 589 132 92 944 232 288 358
 302 277 156 283 332 753 649 694 471 706
 555 158 125 137 755 920 619 304 281 661
 364 131 329 381 975 204 799 294 844 455
 577 262 921 355 577 358 196 70 35 176
 221 793 813 77 709 101 988 796 475 121
 842 938 954 150 902 388 797 646 586 361
 183 642 456 421 326 367 533 711 437 417
 733 848 600 755 18 602 194 343 150 862
 889 231 230 573 639 923 414 142 465 105
 757 217 408 953 934 49 392 440 625 438
 190 839 611 104 552 267 46 572 132 267
 898 424 645 968 568 575 426 591 292 451
 301 772 118 964 114 753 672 156 262 134
 238 881 410 198 576 429 374 337 977 286
 750 623 240 855 274 644 364 591 660 304
 851 399 777 382 281 718 907 579 242 130
 347