500
 310 279 404 105 408 114 73 71 234 476
 120 129 6 99 368 104 96 332 488 483
 403 455 227 66 433 407 454 213 174 481
 487 159 244 245 440 13 18 186 176 394
 321 362 88 158 193 223 111 413 425 302
 203 123 266 86 330 57 196 59 76 89
 195 307 275 130 87 279 60 131 457 102
 457 54 381 157 156 437 62 154 316 92
 425 203 162 215 65 258 167 29 388 438
 10 460 41 231 278 266 418 439 138 135
 336 61 464 407 98 371 456 479 4 312
 62 65 49 392 388 85 342 195 77 23
 409 382 398 306 428 67 243 210 120 258
 121 105 461 446 385 203 158 74 338 420
 49 18 363 437 376 194 41 200 380 72
 427 463 343 409 369 78 212 391 411 341
 157 460 453 419 166 287 177 385 393 241
 450 104 379 438 463 379 323 58 272 125
 424 4 425 202 49 249 67 338 454 228
 227 438 401 390 317 119 297 444 108 115
 4 298 210 367 349 456 460 129 240 280
 385 349 215 207 196 493 285 131 343 54
 158 265 422 440 443 238 169 150 86 94
 256 445 497 107 144 217 8 461 126 493
 160 182 82 372 128 123 332 8 309 0
 64 324 337 455 174 74 302 328 380 94
 485 220 402 393 327 251 92 104 125 341
 10 318 413 456 253 34 243 108 294 38
 444 153 263 469 130 455 253 124 279 200
 497 18 67 196 358 356 451 172 120 381
 491 326 21 322 473 491 342 38 285 218
 374 369 445 409 119 321 147 79 237 200
 80 269 497 114 249 490 436 256 440 258
 97 123 15 194 98 457 130 460 124 173
 266 398 444 398 75 191 306 107 256 21
 137 246 459 180 324 183 178 414 105 102
 264 336 299 356 267 343 438 415 338 362
 419 155 84 289 333 473 142 338 347 80
 192 249 61 176 330 51 8 95 425 66
 175 411 482 354 301 137 204 376 311 268
 461 358 80 2 461 297 136 480 139 375
 356 302 324 467 200 168 16 462 210 438
 0 491 272 208 108 206 264 110 332 91
 97 389 175 449 168 136 416 389 408 353
 469 269 268 370 419 477 418 34 446 283
 423 234 439 444 143 356 337 464 211 206
 499 283 234 183 355 389 97 335 484 338
 4 415 430 272 309 43 482 92 325 147
 326 13 8 106 358 156 494 59 223 128
 144 382 197 228 248 138 222 404 153 384
 257
 798 149 67 631 584 722 140 474 941 393
 413 352 564 67 532 557 471 577 893 436
 668 327 708 736 77 434 785 149 157 244
 661 363 221 675 163 307 696 994 999 305
 255 857 93 858 509 79 330 838 151 28
 797 450 632 166 324 354 449 374 5 137
 366 749 53 323 144 393 405 557 228 795
 145 348 984 941 92 829 606 25 384 221
 538 641 186 176 340 530 210 411 217 659
 878 539 422 377 758 692 940 66 788 393
 314 47 454 324 533 433 735 594 97 802
 900 311 800 358 883 581 662 414 42 559
 763 330 758 943 61 332 57 296 23 82
 532 573 247 155 675 472 9 581 112 457
 641 414 956 290 862 369 687 348 360 235
 843 176 760 862 561 587 405 160 524 894
 6 975 305 233 697 143 153 126 297 191
 288 518 802 267 864 261 201 868 786 943
 329 841 445 801 582 639 195 542 372 665
 261 555 360 978 529 337 290 28 348 266
 62 421 620 915 651 42 295 254 758 909
 473 354 861 317 529 347 143 978 233 575
 236 269 504 649 962 44 294 724 713 52
 777 252 600 126 161 483 280 102 903 430
 226 391 945 667 502 586 33 607 287 409
 140 639 992 938 273 818 40 434 747 900
 980 743 846 32 772 653 759 787 654 344
 11 787 187 133 782 242 333 480 87 545
 407 71 599 141 794 590 954 494 328 387
 777 530 419 231 57 682 206 826 536 181
 137 80 103 460 331 617 870 106 115 825
 717 822 233 136 42 11 111 105 162 772
 856 150 500 876 765 68 924 659 507 63
 654 593 215 854 779 848 250 867 71 989
 766 434 551 843 127 794 383 775 622 840
 108 128 632 89 626 526 914 798 57 139
 311 855 595 277 501 112 555 839 882 832
 884 932 591 410 882 286 469 835 773 666
 494 815 19 572 183 477 105 561 714 317
 685 523 836 653 531 892 889 436 880 833
 189 18 593 352 824 547 546 265 144 803
 227 209 505 838 42 951 622 154 263 711
 348 748 670 776 347 387 345 948 726 329
 123 676 319 511 213 622 913 685 58 509
 957 366 890 997 975 614 578 413 599 402
 713 148 848 332 806 249 64 384 440 535
 343 201 157 881 656 832 892 548 307 96
 153 446 481 183 393 986 304 846 331 711
 472 635 823 634 424 954 580 476 892 326
 785 220 813 853 142 932 353 978 367 986
 133