250
 336 65 370 279 19 302 401 417 409 254
 160 145 416 116 32 444 242 7 150 115
 244 331 241 236 37 152 91 395 315 415
 416 10 298 301 466 446 44 372 368 341
 129 420 368 290 134 452 487 168 496 129
 289 280 226 487 453 466 296 339 200 206
 261 128 127 448 276 94 343 410 265 139
 491 69 345 188 185 96 70 110 235 27
 406 338 1 186 205 55 72 221 197 113
 85 124 12 175 314 402 258 202 84 16
 303 75 254 301 413 486 454 254 122 239
 425 458 453 119 17 298 60 415 294 207
 305 107 145 6 268 403 306 498 384 215
 481 465 440 199 478 263 110 176 418 304
 142 463 462 201 130 380 77 90 367 486
 305 201 252 299 281 237 265 79 229 330
 477 196 352 298 41 257 227 17 209 38
 474 94 226 79 133 274 493 223 256 120
 253 364 310 201 242 166 382 84 314 289
 232 65 479 385 442 148 291 136 398 453
 237 294 55 168 389 234 16 436 117 128
 292 97 59 188 123 451 417 32 265 50
 156 338 220 230 427 248 114 140 291 221
 214 115 328 123 429 448 103 143 334 61
 322 266 244 388 401 411 361 468 303 212
 213
 647 150 497 596 39 829 172 520 188 913
 482 160 995 265 211 939 88 99 672 280
 505 349 776 280 833 293 458 450 41 778
 629 835 93 289 963 203 619 432 231 384
 260 216 570 969 631 141 190 354 980 899
 488 410 677 11 854 250 189 328 289 483
 220 241 3 137 717 480 617 709 437 828
 220 210 860 406 522 557 897 954 856 417
 996 679 793 316 494 993 509 576 790 111
 216 474 498 416 386 817 275 492 232 800
 697 822 249 947 97 674 104 385 539 702
 935 377 239 151 715 691 812 441 685 421
 24 479 979 927 124 498 510 797 485 597
 337 522 879 726 671 476 119 77 538 691
 417 717 325 335 377 524 679 932 710 310
 576 304 837 6 396 846 882 831 424 169
 460 160 276 452 326 400 426 375 252 364
 647 452 208 581 893 184 942 322 738 428
 788 183 905 865 169 459 380 571 949 337
 183 615 960 30 139 667 228 718 299 766
 484 563 338 337 980 57 562 377 359 99
 487 57 223 648 670 376 978 168 761 476
 502 628 77 78 908 802 526 457 393 913
 425 778 55 354 118 387 281 167 156 979
 252 73 877 911 482 509 846 340 916 431
 981