250
 402 109 321 239 287 314 166 263 135 83
 402 119 417 291 413 296 97 207 447 328
 394 66 245 421 293 200 366 186 444 104
 52 418 140 460 289 338 144 129 331 135
 166 492 474 273 445 17 205 228 473 219
 74 29 161 340 54 49 121 142 47 407
 234 353 218 136 40 130 297 462 370 70
 329 114 362 179 16 229 167 34 250 180
 256 397 271 91 173 3 121 257 206 56
 117 348 336 301 316 8 490 90 1 172
 103 353 253 320 178 234 190 92 218 1
 72 431 49 304 491 187 212 16 0 348
 381 481 291 305 1 126 449 78 367 498
 448 122 248 56 62 33 171 360 211 407
 382 159 294 368 433 251 380 438 345 130
 482 203 316 246 411 443 193 405 170 79
 68 6 359 348 75 56 9 122 4 87
 477 370 258 158 44 143 433 17 279 461
 151 456 449 48 180 159 306 171 94 141
 84 395 253 18 407 312 284 9 165 427
 52 53 165 255 131 174 386 241 404 213
 182 300 227 70 44 319 151 336 110 476
 238 424 188 155 470 336 203 441 347 369
 468 391 14 430 416 454 69 191 350 33
 454 322 107 425 15 324 175 380 296 328
 416
 577 585 666 77 754 801 853 301 595 257
 237 417 951 463 325 989 487 519 724 849
 126 528 516 762 714 982 958 638 483 650
 594 267 519 342 632 236 560 866 144 141
 438 574 181 867 249 559 38 555 806 3
 136 511 388 187 861 330 320 5 340 582
 199 823 444 416 184 261 96 652 769 789
 763 954 133 198 590 591 910 50 365 668
 362 734 593 380 664 18 670 677 190 451
 669 192 68 780 770 515 786 520 456 105
 702 523 224 903 773 261 442 398 900 780
 935 115 491 575 535 500 913 698 744 528
 666 207 680 905 601 63 123 211 756 451
 561 384 843 94 439 302 131 787 282 321
 686 130 587 980 824 700 710 89 426 103
 74 702 133 162 65 0 350 530 964 173
 81 363 201 402 820 777 127 959 563 615
 223 964 597 477 703 999 662 490 689 642
 56 197 787 978 347 383 161 874 751 958
 567 368 126 350 111 137 194 146 30 33
 977 407 754 740 100 907 229 972 945 796
 777 260 408 99 939 301 66 819 790 556
 628 967 652 619 720 452 615 883 300 514
 203 969 758 248 731 916 930 858 261 645
 798 525 252 695 995 316 255 182 975 874
 477