500
 369 354 469 3 353 310 473 429 171 499
 445 108 60 357 250 274 48 40 295 293
 151 365 123 151 349 120 70 130 345 208
 186 148 164 360 311 57 52 202 319 78
 243 131 26 104 219 300 136 64 441 471
 115 102 481 29 74 464 139 294 409 85
 50 119 118 26 122 66 200 158 200 459
 448 473 165 11 498 255 399 8 365 421
 167 252 424 391 483 398 476 18 62 157
 237 199 232 21 71 260 494 101 248 428
 189 344 244 277 169 307 117 50 194 101
 11 84 264 230 419 287 481 111 287 161
 489 405 449 446 457 446 214 103 433 293
 124 95 436 45 83 344 463 346 374 435
 2 237 258 362 444 254 228 367 428 413
 383 43 127 235 1 241 260 336 231 354
 447 133 364 139 363 161 278 220 265 20
 417 144 463 233 214 326 448 488 425 460
 249 310 53 212 494 219 259 343 471 101
 390 7 388 56 160 311 455 467 187 400
 408 446 83 457 200 377 461 415 358 315
 461 47 52 118 487 228 353 271 242 208
 217 232 115 363 443 125 66 87 473 449
 105 247 294 173 97 24 26 238 60 201
 0 301 434 73 439 254 343 425 325 105
 385 122 149 155 385 281 359 255 280 345
 13 296 5 387 8 89 399 210 455 448
 190 485 41 438 177 39 121 324 384 314
 330 380 337 397 482 475 313 433 163 281
 87 304 101 421 134 195 42 281 169 222
 394 54 273 371 198 457 207 271 294 6
 181 353 85 319 348 219 484 117 90 161
 278 145 345 65 213 228 231 86 63 488
 155 471 476 481 468 3 69 12 42 175
 33 428 340 59 79 268 444 375 380 361
 208 367 285 67 358 121 225 483 89 371
 105 318 131 412 382 14 168 320 185 340
 348 134 44 52 457 425 12 363 380 334
 262 355 272 199 369 17 297 277 457 177
 378 422 490 452 186 242 134 306 115 311
 227 143 222 1 21 80 206 30 138 207
 401 47 165 390 443 86 395 21 54 179
 22 312 165 218 224 186 355 435 261 383
 442 55 232 450 86 334 26 334 9 316
 213 354 168 313 384 384 477 215 14 498
 25 110 88 291 123 26 65 375 226 314
 55 305 12 156 192 236 216 72 181 208
 403 120 349 302 14 338 334 62 378 83
 130 238 473 25 470 30 249 274 315 164
 323 450 102 280 489 333 418 19 435 406
 470
 615 838 663 861 909 215 545 914 190 528
 734 515 51 973 291 409 437 220 697 255
 313 69 857 287 94 647 782 254 173 321
 365 654 398 314 955 227 215 574 287 83
 386 521 734 377 537 51 314 278 499 234
 711 585 56 764 518 215 817 811 694 739
 968 567 921 409 323 970 841 743 336 961
 485 417 70 913 985 208 378 465 823 250
 788 202 401 428 736 626 108 535 305 910
 234 724 73 627 659 219 12 870 594 741
 172 402 261 271 951 157 851 846 463 611
 494 818 136 750 826 998 633 812 82 928
 283 654 572 805 953 899 974 958 568 29
 104 797 609 639 886 433 334 811 686 714
 575 803 47 435 33 837 201 592 277 810
 308 642 167 540 272 682 711 213 206 786
 694 193 60 532 981 247 201 417 333 685
 947 564 80 175 976 243 563 207 34 408
 461 531 489 709 227 959 765 210 741 161
 299 331 514 480 888 659 246 587 672 173
 165 666 251 468 209 440 547 481 93 375
 663 653 0 648 446 911 918 144 706 999
 494 17 932 814 676 816 872 21 224 672
 291 901 566 439 488 173 862 393 791 524
 555 861 396 272 785 65 570 110 961 249
 482 277 276 183 504 42 512 501 714 552
 792 387 835 411 341 310 785 467 455 536
 477 733 487 799 543 863 954 978 992 376
 458 576 485 777 392 271 17 199 645 588
 943 576 599 562 444 22 650 665 70 206
 398 544 450 345 128 45 757 330 712 615
 684 391 254 998 558 144 646 536 96 202
 92 398 589 132 92 944 232 288 358 302
 277 156 283 332 753 649 694 471 706 555
 158 125 137 755 920 619 304 281 661 364
 131 329 381 975 204 799 294 844 455 577
 262 921 355 577 358 196 70 35 176 221
 793 813 77 709 101 988 796 475 121 842
 938 954 150 902 388 797 646 586 361 183
 642 456 421 326 367 533 711 437 417 733
 848 600 755 18 602 194 343 150 862 889
 231 230 573 639 923 414 142 465 105 757
 217 408 953 934 49 392 440 625 438 190
 839 611 104 552 267 46 572 132 267 898
 424 645 968 568 575 426 591 292 451 301
 772 118 964 114 753 672 156 262 134 238
 881 410 198 576 429 374 337 977 286 750
 623 240 855 274 644 364 591 660 304 851
 399 777 382 281 718 907 579 242 130 347
 141 186 597 293 600 551 815 292 567 77
 865