500
 175 63 365 59 351 497 496 366 271 224
 27 69 480 9 196 327 178 97 328 386
 352 28 137 382 377 411 416 325 146 245
 483 466 19 417 291 289 326 202 64 366
 270 240 333 376 76 394 414 147 30 248
 423 256 42 369 298 58 77 196 85 40
 272 401 8 459 123 350 162 303 420 64
 394 240 396 385 65 464 462 126 53 357
 471 255 59 33 344 407 407 311 448 410
 473 290 456 153 202 91 396 130 334 371
 80 34 452 394 127 92 499 24 19 111
 115 368 252 245 357 81 94 182 354 389
 445 399 142 76 0 211 55 279 204 76
 154 240 39 335 440 193 424 314 81 254
 331 152 476 449 10 385 157 283 487 26
 466 249 424 418 0 75 35 174 466 169
 449 286 398 303 250 414 58 261 458 255
 332 42 87 200 242 50 64 237 217 55
 100 243 366 459 456 40 367 152 334 107
 380 286 479 446 375 146 454 464 124 323
 106 472 145 106 420 326 178 48 325 130
 94 44 206 383 85 126 363 393 40 167
 366 203 180 489 279 377 21 454 68 329
 104 1 266 89 314 99 57 325 133 212
 176 468 441 9 489 407 447 89 450 24
 151 155 249 354 333 11 412 126 296 220
 193 431 128 251 385 238 458 337 466 267
 405 97 188 88 69 19 167 30 163 404
 373 130 387 133 306 409 386 325 96 277
 129 287 207 241 79 165 131 497 54 188
 74 253 183 322 62 267 150 462 104 78
 120 74 323 439 373 193 328 47 206 195
 256 65 352 268 21 38 164 241 357 405
 47 364 37 320 136 24 17 30 293 480
 343 302 429 481 486 188 295 262 398 406
 347 51 23 260 176 128 37 92 278 0
 371 229 154 387 164 302 444 325 26 346
 187 397 393 148 347 407 29 65 392 187
 422 110 14 450 249 86 253 339 179 104
 494 206 216 433 75 329 28 251 360 72
 342 205 1 394 480 201 428 127 117 449
 248 366 201 351 29 108 273 106 450 374
 279 1 490 174 497 124 294 85 295 386
 41 53 113 227 168 444 240 485 337 334
 274 331 249 414 206 198 189 228 471 425
 85 408 144 128 478 204 165 1 414 122
 391 173 202 429 53 299 291 245 156 70
 206 477 96 197 232 138 435 196 365 185
 203 232 65 385 30 184 309 3 189 487
 297 249 235 112 385 244 145 335 114 108
 180
 613 45 703 87 750 754 954 899 148 423
 932 377 616 372 700 940 204 89 132 604
 334 984 13 917 252 169 380 372 784 599
 856 905 316 349 351 287 344 962 745 565
 120 899 620 632 261 409 863 732 103 169
 496 432 449 362 605 901 911 420 959 718
 918 640 191 918 456 502 110 630 744 603
 446 168 42 860 329 126 279 62 519 426
 635 22 668 914 815 586 659 377 618 33
 167 779 250 518 173 925 126 702 65 573
 328 197 640 204 386 755 422 1 846 483
 145 74 62 194 96 395 952 748 588 40
 674 971 931 242 862 863 950 869 513 688
 249 142 174 61 25 204 72 447 372 847
 3 445 170 402 736 946 455 323 405 745
 314 612 511 546 794 289 740 742 972 341
 938 642 847 317 821 899 151 651 481 243
 225 56 807 148 346 958 358 472 787 692
 398 808 960 453 580 277 114 268 584 14
 64 101 837 778 997 531 141 631 444 5
 604 596 464 730 251 541 104 226 891 502
 684 410 915 214 729 364 228 82 963 355
 475 741 840 771 820 959 425 617 438 950
 141 102 296 7 355 964 448 624 129 67
 176 124 868 630 948 830 183 452 713 855
 667 974 500 579 586 310 591 487 77 177
 874 876 303 37 563 628 247 925 573 407
 492 37 133 862 117 349 535 962 841 270
 767 347 96 125 475 668 941 360 290 629
 953 339 706 469 934 440 909 822 294 115
 409 854 470 676 631 332 541 498 634 206
 521 160 760 70 351 562 346 858 211 152
 309 522 718 157 438 545 179 637 583 53
 855 310 238 567 330 495 999 853 635 728
 806 421 778 883 860 678 402 981 248 683
 832 853 912 330 887 195 375 551 282 552
 742 825 665 23 792 772 757 35 810 519
 478 513 313 174 189 455 303 894 157 758
 232 835 889 381 343 243 588 900 184 119
 137 720 391 454 287 123 466 386 882 896
 840 296 854 208 695 964 581 671 931 426
 515 681 659 179 185 935 583 405 553 579
 826 561 163 447 436 232 380 911 718 23
 242 414 470 179 609 575 913 15 145 345
 678 81 840 194 564 8 486 614 832 417
 598 99 110 520 221 568 613 302 587 520
 778 455 80 559 966 914 71 604 428 78
 876 616 592 425 382 753 414 13 128 281
 70 759 618 605 151 1 556 309 95 903
 904 744 628 651 873 901 188 680 731 363
 232