250
 414 122 391 173 202 429 53 299 291 245
 156 70 206 477 96 197 232 138 435 196
 365 185 203 232 65 385 30 184 309 3
 189 487 297 249 235 112 385 244 145 335
 114 108 180 306 22 351 43 375 377 477
 449 74 211 466 188 308 186 350 470 102
 44 66 302 167 492 6 458 126 84 190
 186 392 299 428 452 158 174 175 143 172
 481 372 282 60 449 310 316 130 204 431
 366 51 84 248 216 224 181 302 450 455
 210 479 359 459 320 95 459 228 251 55
 315 372 301 223 84 21 430 164 63 139
 31 259 213 317 11 334 457 407 293 329
 188 309 16 83 389 125 259 86 462 63
 351 32 286 164 98 320 102 193 377 211
 0 423 241 72 37 31 97 48 197 476
 374 294 20 337 485 465 121 431 431 475
 434 256 344 124 71 87 30 12 102 36
 223 186 423 1 222 85 201 368 473 227
 161 202 372 157 306 255 273 397 144 370
 371 486 170 469 321 423 158 410 449 75
 325 240 121 112 28 403 74 173 479 179
 236 393 346 199 404 480 226 290 138 57
 134 292 7 32 50 418 389 498 265 70
 315 222 2 302 298 232 365 125 270 52
 113
 891 502 684 410 915 214 729 364 228 82
 963 355 475 741 840 771 820 959 425 617
 438 950 141 102 296 7 355 964 448 624
 129 67 176 124 868 630 948 830 183 452
 713 855 667 974 500 579 586 310 591 487
 77 177 874 876 303 37 563 628 247 925
 573 407 492 37 133 862 117 349 535 962
 841 270 767 347 96 125 475 668 941 360
 290 629 953 339 706 469 934 440 909 822
 294 115 409 854 470 676 631 332 541 498
 634 206 521 160 760 70 351 562 346 858
 211 152 309 522 718 157 438 545 179 637
 583 53 855 310 238 567 330 495 999 853
 635 728 806 421 778 883 860 678 402 981
 248 683 832 853 912 330 887 195 375 551
 282 552 742 825 665 23 792 772 757 35
 810 519 478 513 313 174 189 455 303 894
 157 758 232 835 889 381 343 243 588 900
 184 119 137 720 391 454 287 123 466 386
 882 896 840 296 854 208 695 964 581 671
 931 426 515 681 659 179 185 935 583 405
 553 579 826 561 163 447 436 232 380 911
 718 23 242 414 470 179 609 575 913 15
 145 345 678 81 840 194 564 8 486 614
 832 417 598 99 110 520 221 568 613 302
 587