250
 430 238 141 205 362 79 467 140 90 333
 102 325 360 387 321 116 128 381 170 124
 492 357 153 390 493 394 41 394 474 308
 220 342 416 30 21 50 199 443 420 321
 448 66 74 238 343 178 251 192 436 455
 176 227 246 211 142 81 44 266 164 5
 194 237 455 361 54 189 156 170 477 50
 108 31 238 303 68 77 111 162 101 290
 336 142 326 264 24 63 448 30 366 272
 358 452 45 246 51 241 475 289 414 1
 476 72 222 165 67 348 103 289 105 25
 198 292 139 466 149 7 282 448 411 408
 330 342 291 334 362 260 479 181 447 118
 256 37 76 312 374 467 373 55 272 25
 65 305 28 202 488 187 276 342 481 417
 93 191 24 45 434 266 396 45 207 55
 336 296 260 19 267 310 91 404 430 182
 287 310 436 45 472 487 490 11 334 224
 228 184 114 415 184 365 470 392 205 239
 183 72 273 391 13 215 309 361 196 165
 302 355 35 450 59 110 96 455 351 267
 459 145 361 221 308 351 10 447 379 231
 482 332 79 418 362 325 312 249 154 57
 385 0 131 459 227 12 390 181 391 248
 483 421 483 367 314 188 419 405 103 426
 283
 900 431 173 256 630 730 637 821 541 327
 134 130 319 393 70 427 15 191 375 198
 687 204 543 219 50 242 808 290 372 692
 93 456 844 237 495 915 286 880 498 600
 713 173 324 748 956 653 286 890 543 518
 480 544 391 550 359 45 871 420 227 33
 713 473 612 91 223 707 696 726 451 471
 730 378 744 577 275 271 965 436 743 794
 71 952 852 375 461 345 10 302 948 479
 886 133 315 142 906 566 116 402 342 674
 657 961 889 551 699 612 222 255 200 146
 776 362 745 87 287 210 605 499 769 644
 787 558 487 722 477 434 475 662 87 164
 353 476 315 6 597 537 476 115 249 979
 193 827 915 797 306 484 840 733 25 35
 124 782 514 108 853 136 136 995 565 200
 112 858 800 5 899 148 39 339 683 506
 945 685 248 536 449 695 43 313 954 720
 389 783 320 587 157 482 441 73 784 568
 614 329 878 657 981 330 234 331 732 218
 494 170 460 519 703 686 473 800 912 783
 106 429 433 673 736 6 190 587 283 814
 757 64 336 159 694 675 146 858 774 614
 168 890 959 307 749 608 362 107 954 997
 478 773 857 468 871 931 631 527 90 905
 35