250
 402 262 73 39 496 16 160 177 378 359
 125 280 302 69 142 335 490 227 309 372
 407 370 25 64 17 394 355 334 451 326
 317 495 483 281 92 31 43 353 212 264
 198 212 219 198 209 262 294 37 417 380
 249 202 169 464 358 322 214 307 390 68
 312 224 405 118 452 325 399 438 247 294
 343 418 305 265 293 173 255 163 319 416
 443 136 293 480 110 438 16 332 410 325
 445 76 443 11 176 118 81 55 486 106
 159 179 107 137 289 269 220 336 335 114
 103 377 328 11 152 335 66 169 419 368
 128 13 415 115 77 302 447 134 34 205
 353 398 346 175 462 63 142 215 172 72
 237 353 255 346 484 467 478 115 408 140
 258 55 106 111 82 21 75 85 150 58
 0 156 146 62 188 158 217 470 142 144
 267 330 121 36 90 243 172 318 483 248
 444 121 361 155 243 186 78 265 308 227
 272 330 135 357 39 466 14 298 481 449
 474 73 192 346 374 207 124 280 41 242
 331 200 334 372 473 343 418 97 53 150
 86 108 302 70 228 434 403 87 464 383
 230 442 309 151 8 299 338 263 122 331
 168 253 20 53 396 341 99 59 441 200
 16
 185 312 828 595 20 41 360 389 948 187
 377 65 904 897 195 408 516 724 802 904
 528 27 157 682 315 473 302 981 475 707
 215 374 566 886 293 972 328 382 426 809
 843 954 480 41 44 997 924 355 901 203
 289 848 280 973 365 757 205 973 872 878
 776 689 926 501 900 544 647 100 930 471
 16 814 683 480 625 533 282 798 701 922
 536 608 679 164 414 42 815 681 990 378
 75 64 468 896 420 552 214 280 306 8
 62 794 495 875 478 289 742 237 699 657
 285 476 319 268 794 675 496 128 695 354
 621 476 697 129 423 498 202 359 504 86
 547 104 195 53 774 227 331 130 712 312
 601 243 521 188 974 645 20 843 651 587
 493 840 177 818 677 316 891 649 703 41
 608 494 893 413 894 293 891 560 676 508
 308 991 207 171 229 281 658 955 375 135
 947 813 749 352 411 702 199 450 316 1
 465 878 12 257 957 904 451 208 879 893
 984 668 523 322 657 607 930 725 190 21
 379 840 191 396 953 220 924 637 165 306
 551 91 776 472 1 0 463 587 500 92
 865 44 832 71 164 992 43 716 369 994
 668 794 634 549 298 193 548 470 916 721
 750