500
 244 388 401 411 361 468 303 212 213 323
 75 248 298 19 414 86 260 94 456 241
 80 497 132 105 469 44 49 336 140 252
 174 388 140 416 146 229 225 20 389 314
 417 46 144 481 101 309 216 115 192 130
 108 285 484 315 70 95 177 490 449 244
 205 338 5 427 125 94 164 144 241 110
 120 1 68 358 240 308 354 218 414 110
 105 430 203 261 278 448 477 428 208 498
 339 396 158 247 496 254 288 395 55 108
 237 249 208 193 408 137 246 116 400 348
 411 124 473 48 337 52 192 269 351 467
 188 119 75 357 345 406 220 342 210 12
 239 489 463 62 249 255 398 242 298 168
 261 439 363 335 238 59 38 269 345 208
 358 162 167 188 262 339 466 355 155 288
 152 418 3 198 423 441 415 212 84 230
 80 138 226 163 200 213 187 126 182 323
 226 104 290 446 92 471 161 369 214 394
 91 452 432 84 229 190 285 474 168 91
 307 480 15 69 333 114 359 149 383 242
 281 169 168 490 28 281 188 179 49 243
 28 111 324 335 188 489 84 380 238 251
 314 38 39 454 401 263 228 196 456 212
 389 27 177 59 193 140 83 78 489 126
 36 438 455 241 254 423 170 458 215 490
 497 411 250 52 208 1 425 253 386 229
 437 275 71 68 54 491 338 251 153 355
 157 373 342 45 183 498 266 476 178 413
 111 81 155 499 109 203 56 150 119 284
 396 291 94 289 310 107 302 428 113 233
 320 110 434 90 28 188 160 460 163 167
 89 33 115 181 412 181 205 95 115 52
 255 111 456 499 264 27 144 311 108 158
 402 437 395 289 120 264 321 282 335 70
 108 232 74 417 439 479 293 147 220 343
 354 389 169 56 361 61 236 109 417 117
 55 412 497 321 490 91 24 54 115 466
 110 214 374 422 293 297 419 77 337 358
 424 159 24 474 407 439 402 128 127 88
 434 417 257 301 216 27 437 386 379 124
 202 300 275 241 341 127 23 341 168 381
 410 136 132 31 127 271 472 217 150 51
 250 246 284 2 92 260 67 250 115 332
 34 215 93 247 488 200 100 303 280 120
 47 272 273 2 52 347 72 361 386 392
 285 189 93 373 199 291 408 246 363 280
 252 273 157 148 182 165 265 431 10 114
 142 111 35 328 462 203 283 192 159 86
 49 441 446 43 399 348 195 67 437 391
 191
 588 625 860 594 579 850 529 384 959 478
 334 339 774 100 416 360 703 403 440 530
 187 454 520 587 473 837 113 583 669 566
 31 444 19 421 10 196 261 745 102 544
 187 217 600 392 71 148 543 121 100 686
 815 905 680 123 668 351 343 621 22 260
 887 96 413 276 779 612 952 940 747 309
 882 757 886 385 383 850 685 431 278 825
 268 461 901 442 357 900 958 947 610 887
 378 777 724 570 29 668 281 730 786 272
 113 21 483 976 398 405 513 514 753 531
 377 601 290 449 338 508 505 675 255 981
 475 429 973 10 465 573 492 775 427 18
 532 832 652 132 401 926 659 310 999 208
 69 82 867 442 975 670 242 485 980 107
 172 218 943 482 754 624 453 133 841 784
 878 86 633 775 636 422 850 291 15 644
 355 717 476 615 142 180 385 60 79 329
 94 631 688 753 112 653 815 562 803 312
 329 325 570 769 303 314 124 818 110 10
 861 885 906 869 575 257 801 310 361 291
 78 732 687 274 851 591 369 331 636 276
 534 541 688 61 466 543 981 866 314 681
 878 42 631 75 579 216 53 266 436 699
 602 701 321 344 327 827 657 638 787 966
 126 316 467 754 680 614 281 152 49 750
 440 237 754 845 473 384 889 895 639 192
 118 124 893 715 390 493 112 478 175 245
 463 887 510 539 584 82 685 846 695 987
 346 812 397 460 917 397 420 418 476 109
 635 628 575 104 581 236 534 591 131 530
 221 255 551 416 435 642 944 938 496 809
 271 687 35 365 586 19 189 272 550 493
 429 108 326 35 808 380 29 337 708 933
 719 898 228 650 753 207 308 692 883 258
 484 712 715 408 84 572 215 877 199 723
 832 686 322 754 754 496 19 814 205 244
 699 889 390 762 278 683 901 483 726 30
 633 10 241 548 864 412 359 647 21 975
 322 482 239 98 668 373 529 457 828 154
 86 811 949 703 760 52 123 816 144 698
 575 360 358 147 991 293 881 203 514 325
 970 210 53 74 247 157 547 931 498 830
 955 911 582 911 215 346 930 497 754 573
 294 410 773 429 379 908 625 404 712 222
 743 486 971 219 178 377 708 266 225 184
 886 533 452 777 128 255 659 343 598 301
 638 69 875 527 852 593 744 54 216 282
 126 142 796 142 377 360 279 352 877 283
 552 979 241 293 718 984 312 548 547 367
 305