250
 315 398 143 388 35 137 261 158 425 176
 327 429 283 146 143 53 445 112 475 14
 239 478 479 498 223 459 463 76 172 248
 21 243 26 373 302 1 224 391 107 292
 91 349 263 373 131 287 431 36 328 402
 320 434 239 10 213 174 446 17 319 460
 283 343 73 141 448 33 394 294 7 489
 175 58 361 258 425 394 465 189 50 430
 308 431 445 470 412 174 291 226 495 19
 111 90 271 277 352 16 316 299 337 312
 428 202 231 484 96 136 321 497 345 88
 484 443 55 466 388 154 415 272 383 2
 349 317 341 160 430 203 82 287 229 316
 379 304 250 433 392 272 470 24 354 89
 200 494 424 355 192 235 242 174 315 127
 172 26 104 372 491 105 123 267 199 73
 190 25 273 108 96 124 345 223 55 195
 174 308 202 133 387 458 177 85 105 160
 63 259 411 213 91 322 275 65 194 261
 70 139 274 488 418 56 176 398 148 472
 269 406 292 51 480 86 93 298 373 349
 69 259 146 170 238 423 155 95 313 170
 284 398 315 318 256 284 2 190 439 102
 393 189 442 23 415 475 192 212 267 495
 8 483 247 353 374 393 302 177 170 40
 292
 42 182 24 939 358 639 190 981 949 398
 327 132 278 84 116 325 189 841 809 329
 942 157 615 52 237 405 196 465 993 718
 711 68 991 213 462 112 71 163 112 254
 93 79 839 580 284 339 152 411 975 27
 449 145 339 804 187 964 214 93 746 846
 505 210 934 39 823 300 532 760 413 31
 309 936 377 993 484 840 937 224 152 74
 6 770 530 149 457 800 745 918 983 254
 296 986 514 895 492 451 204 407 42 758
 445 341 477 462 302 702 371 987 459 160
 666 706 909 28 852 822 746 653 270 166
 943 504 372 785 182 800 89 244 18 433
 732 610 125 892 228 758 602 807 130 985
 808 303 335 70 83 650 998 571 962 359
 44 586 704 710 24 820 841 312 24 323
 411 260 962 725 510 824 911 332 24 57
 757 526 932 144 559 818 249 35 790 808
 148 355 409 191 495 958 253 791 98 443
 302 846 163 856 204 52 234 786 393 503
 544 24 653 332 15 415 611 293 889 653
 109 471 96 272 814 254 156 533 314 712
 730 922 805 656 721 674 993 526 292 348
 635 313 189 136 595 311 283 893 801 197
 213 96 937 804 423 69 16 193 617 620
 47