500
 297 128 118 208 475 231 162 494 243 259
 362 424 63 264 258 381 357 491 479 319
 241 325 297 133 259 171 316 118 280 433
 72 70 219 287 90 433 124 279 19 277
 403 1 68 255 194 93 430 165 160 2
 170 291 99 411 222 208 92 130 48 326
 384 394 381 477 66 99 295 295 455 25
 182 334 181 367 296 190 332 9 335 338
 95 225 334 96 34 390 385 257 393 260
 228 52 351 261 112 451 386 130 221 199
 450 390 467 57 245 287 267 250 456 349
 372 264 333 103 340 452 300 31 61 105
 378 225 280 192 421 47 219 151 65 393
 141 160 343 65 293 490 412 350 355 44
 213 51 37 351 66 81 32 0 175 265
 482 86 40 181 100 201 410 388 63 479
 281 307 111 482 298 238 351 499 331 245
 344 321 28 98 393 489 173 191 80 437
 375 479 283 184 63 175 55 68 97 73
 15 16 488 203 377 370 50 453 114 486
 472 398 388 130 204 49 469 150 33 409
 395 278 314 483 326 309 360 226 307 441
 150 257 101 484 379 124 365 458 465 429
 130 322 399 262 126 347 497 158 127 91
 487 437 238 145 226 145 13 12 183 412
 191 91 264 225 373 206 469 280 241 338
 334 231 339 113 150 330 82 24 321 202
 152 27 92 277 287 394 424 331 265 140
 222 40 21 171 159 134 455 335 389 59
 428 376 89 302 212 455 442 263 260 93
 337 112 491 27 154 386 386 178 12 312
 257 393 201 403 319 385 91 94 57 93
 92 441 182 427 427 316 431 380 237 321
 116 493 151 413 230 328 19 498 85 58
 386 18 415 106 81 487 284 403 220 114
 310 309 363 318 168 177 57 480 136 462
 244 42 446 74 176 306 246 63 59 260
 111 243 108 332 392 338 477 98 138 361
 126 457 198 79 10 328 189 339 310 483
 438 20 31 376 456 312 40 189 344 206
 496 7 212 293 424 450 159 442 372 485
 21 72 161 310 394 356 388 225 3 269
 140 331 425 394 320 401 205 175 120 438
 312 103 97 431 218 104 473 355 476 38
 249 494 254 35 461 348 364 457 292 65
 433 11 308 199 256 487 455 310 466 291
 412 369 86 366 313 350 185 160 99 68
 267 171 155 99 100 119 206 499 375 217
 214 418 13 66 327 213 380 142 304 369
 103 398 142 459 145 480 200 89 293 326
 116
 196 463 518 528 694 190 318 154 338 715
 494 696 437 7 11 673 334 744 808 871
 324 483 21 974 355 290 248 467 511 792
 147 907 595 615 696 553 245 425 588 268
 930 438 991 589 424 385 460 275 528 346
 432 953 813 961 169 310 75 199 693 357
 96 153 342 572 342 376 268 811 414 195
 803 251 504 833 602 156 316 670 435 829
 675 70 244 144 459 859 403 735 769 267
 896 683 567 427 855 188 162 855 741 390
 9 564 422 139 626 809 318 599 105 39
 940 112 378 614 128 135 255 253 243 170
 39 158 299 902 934 221 123 32 939 247
 241 741 960 747 990 707 251 904 875 505
 361 413 341 192 200 828 926 30 683 806
 357 840 586 633 630 873 961 518 458 695
 636 909 912 718 91 857 759 662 758 692
 455 934 907 493 646 900 896 585 476 136
 221 297 641 126 904 505 863 381 769 453
 917 105 361 242 126 836 724 133 324 383
 692 686 355 21 431 284 724 955 490 639
 934 344 510 745 286 5 12 184 445 186
 695 636 261 246 66 688 384 562 954 915
 888 696 743 851 893 103 957 843 448 114
 737 599 853 527 607 483 247 339 702 54
 266 554 732 714 631 761 915 903 610 692
 667 229 790 68 70 119 830 274 382 514
 69 257 604 781 424 682 777 195 255 765
 625 785 46 105 199 67 46 682 322 837
 85 280 652 977 852 614 38 234 72 677
 788 787 302 322 831 92 874 179 950 366
 687 177 547 352 899 899 320 235 621 579
 228 83 494 648 296 879 79 684 753 944
 327 144 202 791 270 135 648 290 631 910
 913 931 408 789 955 454 595 33 799 604
 468 401 848 728 59 364 452 81 512 337
 711 846 724 636 561 735 602 617 207 832
 966 515 17 130 621 607 154 288 114 326
 997 45 411 971 23 621 6 987 866 915
 229 793 929 137 361 40 495 236 838 331
 434 341 519 62 161 20 870 247 742 358
 421 128 699 696 891 706 228 254 652 246
 505 40 589 324 734 336 727 52 631 859
 381 375 587 905 784 908 209 507 253 604
 551 105 988 304 111 599 713 584 983 249
 81 747 403 577 996 982 244 302 536 352
 55 514 551 258 495 830 689 733 152 424
 623 139 560 361 726 267 703 598 270 885
 251 890 385 883 250 303 396 863 355 32
 207 542 206 279 568 890 736 21 622 610
 746