250
 379 192 383 343 29 307 49 41 415 413
 477 230 161 283 218 477 171 392 246 127
 400 22 486 228 451 35 138 129 160 298
 308 376 256 279 218 269 281 486 146 403
 143 202 139 247 212 246 495 379 270 361
 87 22 175 351 309 497 366 297 430 2
 371 466 24 54 380 199 182 362 145 492
 420 389 147 50 149 275 12 389 346 27
 350 392 26 182 280 144 87 83 135 129
 224 118 481 195 441 189 8 319 372 205
 291 438 432 163 128 191 326 235 260 334
 459 414 429 313 302 178 236 422 470 119
 92 176 87 10 118 7 171 133 380 76
 83 94 392 433 220 337 302 306 82 285
 177 307 418 393 455 34 111 126 99 325
 231 404 108 24 190 479 417 133 293 52
 364 301 256 487 70 76 333 71 4 228
 444 159 247 161 352 386 138 211 53 401
 64 251 118 120 388 167 287 88 155 284
 454 450 47 98 300 10 84 299 76 453
 261 430 179 298 347 296 341 85 363 342
 315 456 493 150 190 412 154 225 177 288
 271 100 198 396 24 310 308 55 257 398
 2 49 151 482 196 188 349 42 263 343
 160 84 484 150 265 243 101 108 321 381
 107
 557 293 769 640 125 958 428 118 958 888
 802 570 33 812 790 295 577 847 314 119
 754 419 301 343 875 615 374 5 580 965
 152 730 852 163 885 146 539 138 230 967
 111 137 627 852 599 460 907 26 185 758
 980 222 279 25 164 224 17 359 182 430
 148 568 329 644 66 141 253 830 941 24
 925 745 806 355 482 182 303 412 886 519
 684 334 780 306 803 42 360 29 166 519
 289 669 683 735 582 245 781 182 582 818
 509 795 175 793 159 314 611 516 762 376
 772 906 401 753 836 557 984 166 574 13
 85 796 838 516 846 578 133 180 941 531
 248 561 562 490 742 845 641 941 632 85
 105 349 382 775 496 678 632 416 541 759
 284 286 350 693 39 672 105 739 989 255
 61 762 420 179 910 613 331 15 151 432
 914 986 410 316 212 587 489 478 722 161
 197 59 829 824 899 23 488 634 433 505
 665 266 801 740 556 909 587 816 670 945
 579 351 648 165 115 696 368 104 637 966
 363 220 66 85 135 847 221 437 469 6
 531 36 971 121 705 518 175 46 127 202
 383 822 128 363 718 886 204 70 396 482
 813 405 597 661 456 58 781 979 326 322
 403