250
 493 433 457 114 396 464 68 180 20 247
 118 419 165 217 170 259 31 80 10 435
 123 371 179 210 64 349 348 445 353 114
 127 326 123 252 20 294 162 367 168 363
 26 315 429 190 187 293 452 392 454 104
 253 126 302 275 52 494 152 55 299 356
 292 491 124 40 373 201 288 498 491 122
 151 268 176 27 257 275 129 247 415 344
 366 76 212 311 69 280 180 363 133 351
 299 135 442 125 445 192 441 125 151 198
 431 177 16 103 271 103 139 284 445 368
 10 311 305 373 4 428 67 71 414 428
 454 446 369 161 205 466 171 470 68 195
 412 278 182 60 1 49 467 65 323 111
 139 303 238 214 203 337 357 247 497 297
 104 221 300 393 260 368 46 74 52 84
 232 468 0 74 306 259 54 485 392 290
 266 350 308 216 99 83 117 117 285 52
 158 404 27 151 460 96 456 417 417 208
 466 228 385 339 46 69 75 120 279 339
 355 72 459 50 127 161 254 142 2 66
 390 82 444 168 480 38 16 125 246 306
 203 124 242 114 404 263 462 222 433 365
 279 275 237 471 317 90 381 354 1 29
 284 149 499 271 292 375 390 113 322 297
 160
 394 58 167 637 402 456 330 46 226 429
 207 524 268 110 81 662 616 237 760 302
 189 748 789 216 744 509 338 864 659 584
 341 956 461 814 994 788 515 466 888 371
 102 561 687 591 713 325 548 906 910 402
 72 743 191 733 794 434 365 3 152 819
 610 866 761 548 302 298 22 805 393 407
 659 363 408 753 887 274 621 651 813 329
 958 187 336 987 612 694 102 828 1 360
 13 265 762 671 215 991 814 973 787 605
 592 218 889 257 845 689 364 876 865 677
 290 191 168 715 46 742 465 615 863 563
 428 787 497 554 553 165 696 379 274 931
 156 308 879 793 335 779 897 443 804 958
 939 974 199 770 526 22 922 86 126 914
 224 806 303 976 130 963 833 815 837 786
 423 611 519 701 979 966 693 189 40 835
 487 14 634 75 102 280 180 914 872 761
 812 427 539 697 353 468 492 462 30 542
 382 104 978 481 907 266 289 314 264 125
 800 650 89 799 345 161 258 470 288 368
 107 614 577 550 815 76 676 687 32 521
 379 659 637 965 186 193 2 362 320 676
 702 957 520 723 378 381 891 994 620 467
 267 363 782 269 626 298 199 821 380 533
 335