750
 196 456 212 389 27 177 59 193 140 83
 78 489 126 36 438 455 241 254 423 170
 458 215 490 497 411 250 52 208 1 425
 253 386 229 437 275 71 68 54 491 338
 251 153 355 157 373 342 45 183 498 266
 476 178 413 111 81 155 499 109 203 56
 150 119 284 396 291 94 289 310 107 302
 428 113 233 320 110 434 90 28 188 160
 460 163 167 89 33 115 181 412 181 205
 95 115 52 255 111 456 499 264 27 144
 311 108 158 402 437 395 289 120 264 321
 282 335 70 108 232 74 417 439 479 293
 147 220 343 354 389 169 56 361 61 236
 109 417 117 55 412 497 321 490 91 24
 54 115 466 110 214 374 422 293 297 419
 77 337 358 424 159 24 474 407 439 402
 128 127 88 434 417 257 301 216 27 437
 386 379 124 202 300 275 241 341 127 23
 341 168 381 410 136 132 31 127 271 472
 217 150 51 250 246 284 2 92 260 67
 250 115 332 34 215 93 247 488 200 100
 303 280 120 47 272 273 2 52 347 72
 361 386 392 285 189 93 373 199 291 408
 246 363 280 252 273 157 148 182 165 265
 431 10 114 142 111 35 328 462 203 283
 192 159 86 49 441 446 43 399 348 195
 67 437 391 191 294 312 430 297 289 425
 264 192 479 239 167 169 387 50 208 180
 351 201 220 265 93 227 260 293 236 418
 56 291 334 283 15 222 9 210 5 98
 130 372 51 272 93 108 300 196 35 74
 271 60 50 343 407 452 340 61 334 175
 171 310 11 130 443 48 206 138 389 306
 476 470 373 154 441 378 443 192 191 425
 342 215 139 412 134 230 450 221 178 450
 479 473 305 443 189 388 362 285 14 334
 140 365 393 136 56 10 241 488 199 202
 256 257 376 265 188 300 145 224 169 254
 252 337 127 490 237 214 486 5 232 286
 246 387 213 9 266 416 326 66 200 463
 329 155 499 104 34 41 433 221 487 335
 121 242 490 53 86 109 471 241 377 312
 226 66 420 392 439 43 316 387 318 211
 425 145 7 322 177 358 238 307 71 90
 192 30 39 164 47 315 344 376 56 326
 407 281 401 156 164 162 285 384 151 157
 62 409 55 5 430 442 453 434 287 128
 400 155 180 145 39 366 343 137 425 295
 184 165 318 138 267 270 344 30 233 271
 490 433 157 340 439 21 315 37 289 108
 26 133 218 349 301 350 160 172 163 413
 328 319 393 483 63 158 233 377 340 307
 140 76 24 375 220 118 377 422 236 192
 444 447 319 96 59 62 446 357 195 246
 56 239 87 122 231 443 255 269 292 41
 342 423 347 493 173 406 198 230 458 198
 210 209 238 54 317 314 287 52 290 118
 267 295 65 265 110 127 275 208 217 321
 472 469 248 404 135 343 17 182 293 9
 94 136 275 246 214 54 163 17 404 190
 14 168 354 466 359 449 114 325 376 103
 154 346 441 129 242 356 357 204 42 286
 107 438 99 361 416 343 161 377 377 248
 9 407 102 122 349 444 195 381 139 341
 450 241 363 15 316 5 120 274 432 206
 179 323 10 487 161 241 119 49 334 186
 264 228 414 77 43 405 474 351 380 26
 61 408 72 349 287 180 179 73 495 146
 440 101 257 162 485 105 26 37 123 78
 273 465 249 415 477 455 291 455 107 173
 465 248 377 286 147 205 386 214 189 454
 312 202 356 111 371 243 485 109 89 188
 354 133 112 92 443 266 226 388 64 127
 329 171 299 150 319 34 437 263 426 296
 372 27 108 141 63 71 398 71 188 180
 139
 352 877 283 552 979 241 293 718 984 312
 548 547 367 305 998 853 4 983 186 14
 658 375 765 459 355 481 869 689 689 912
 502 192 112 343 934 766 564 369 990 611
 214 196 54 216 961 396 603 923 750 493
 170 602 716 736 574 88 270 794 806 548
 14 441 553 580 578 387 358 641 444 757
 911 559 235 265 302 889 781 20 199 33
 196 77 300 177 966 683 780 320 885 754
 892 278 945 404 679 998 243 838 828 743
 453 482 54 286 426 215 954 461 664 231
 902 874 101 60 819 879 591 622 136 504
 462 474 19 510 851 909 434 610 721 413
 752 925 744 199 171 211 955 235 719 500
 706 373 276 974 928 359 670 43 421 611
 104 417 643 380 791 219 975 567 924 930
 80 641 904 818 978 728 272 290 53 592
 443 473 637 486 621 44 741 505 651 212
 549 530 116 788 902 741 742 908 549 502
 317 102 167 270 538 632 751 242 604 763
 626 687 343 951 808 846 474 199 717 148
 449 707 582 759 918 987 415 785 989 667
 415 813 289 329 526 714 212 53 92 668
 90 611 488 928 69 252 442 254 828 953
 979 659 883 927 369 732 808 548 717 148
 758 483 523 436 534 423 561 502 884 154
 1 547 557 186 170 239 153 675 222 652
 254 926 849 190 581 283 402 483 179 533
 719 663 658 371 880 714 705 511 772 29
 993 845 545 427 372 59 368 900 166 546
 601 553 665 744 982 8 965 415 978 236
 785 812 187 175 479 4 205 372 267 176
 742 994 955 0 808 218 318 685 463 104
 438 839 808 864 322 152 987 89 310 439
 247 901 514 444 241 631 468 932 699 373
 216 770 655 731 695 655 795 75 945 758
 908 402 336 645 285 818 2 866 714 861
 178 167 390 875 30 224 254 982 402 479
 213 783 643 366 93 217 181 87 525 345
 75 378 182 812 553 140 553 586 599 585
 791 960 507 390 21 757 752 126 696 43
 969 832 227 808 589 484 519 990 158 771
 541 212 812 625 547 737 972 351 387 819
 173 824 409 618 53 525 132 147 357 11
 844 879 990 608 368 715 12 446 209 974
 91 833 697 506 291 561 168 954 278 827
 989 92 278 591 59 279 136 170 987 945
 667 285 707 678 421 432 641 140 32 363
 133 984 685 724 539 333 256 715 76 452
 725 841 725 824 218 432 756 243 991 771
 907 769 841 922 561 534 700 493 395 797
 936 229 395 196 775 875 575 100 323 808
 275 832 599 119 510 383 660 627 203 684
 25 238 797 231 830 989 540 305 501 664
 823 713 53 641 968 233 534 390 861 144
 486 335 360 96 898 146 228 678 173 387
 366 979 895 714 837 124 829 712 93 650
 200 758 950 455 162 447 925 783 267 554
 861 21 946 749 277 676 560 865 539 137
 413 22 769 307 260 794 963 94 65 532
 567 800 899 737 491 301 352 936 786 838
 302 992 386 934 901 693 794 271 580 440
 277 638 566 631 395 469 477 36 539 639
 489 601 338 375 507 870 728 299 981 706
 712 889 825 171 479 705 600 763 22 236
 145 463 81 474 624 750 976 138 685 731
 185 194 921 752 574 648 360 150 131 228
 124 273 218 494 732 391 298 198 676 845
 105 978 393 823 501 783 499 726 852 434
 809 403 701 133 557 167 234 557 501 250
 943 217 15 957 130 93 732 940 375 433
 373 241 335 380 110 223 35 924 824 85
 882 30 816 725 351 708 514 292 221 263
 26 821 606 789 524 257 688 431 209 80
 197 532 634 525 627 674 84 477 578 67
 426