750
 386 388 269 268 88 435 173 213 380 86
 172 239 302 473 487 419 341 110 157 370
 303 380 436 332 108 475 489 208 134 282
 342 12 498 352 150 251 306 128 294 457
 59 480 86 371 464 220 493 114 95 227
 362 486 138 267 13 429 129 279 124 69
 278 74 62 209 411 405 439 344 334 410
 446 320 426 253 305 211 12 123 395 247
 220 499 375 88 284 499 121 157 65 261
 390 389 286 192 19 406 291 418 49 128
 421 87 464 154 172 265 108 114 456 405
 73 182 380 141 267 155 32 353 478 10
 442 220 266 170 87 299 219 193 200 13
 99 45 37 7 33 9 143 322 374 16
 447 11 83 485 70 485 264 214 148 242
 12 132 335 63 415 490 226 243 371 47
 272 288 296 44 170 128 8 62 278 240
 233 409 292 379 294 2 71 288 497 304
 352 160 200 340 95 381 425 124 490 270
 281 438 273 41 470 202 8 136 192 52
 343 497 209 398 381 383 349 265 250 268
 96 475 82 436 288 330 438 43 423 377
 192 443 318 12 224 330 433 299 408 291
 78 7 498 349 400 311 98 411 393 138
 409 162 358 240 413 444 280 171 349 73
 336 468 87 154 314 227 143 42 228 251
 367 481 49 314 404 488 125 340 267 431
 259 349 179 483 306 217 138 483 322 184
 440 147 254 209 411 240 158 268 332 384
 495 329 368 388 272 31 215 88 110 190
 242 338 31 280 294 444 246 213 495 7
 249 308 17 235 149 413 405 248 375 312
 255 355 372 231 125 403 395 490 69 49
 317 80 98 244 329 426 204 485 202 60
 131 18 133 448 422 407 379 439 272 15
 111 373 419 410 341 392 492 61 200 183
 370 140 31 88 407 363 260 485 328 270
 284 83 321 271 217 273 67 363 11 444
 302 323 192 157 163 189 364 112 10 178
 187 13 73 218 392 460 207 470 441 9
 200 51 246 309 146 430 180 19 291 22
 240 204 330 234 90 0 376 50 310 84
 252 165 475 477 171 188 126 101 411 18
 8 245 110 115 470 279 420 98 43 354
 423 269 470 283 142 486 1 27 459 256
 442 261 370 187 61 453 246 290 455 263
 469 105 341 400 77 86 132 163 224 374
 222 64 59 477 468 438 285 367 213 142
 498 141 135 467 74 95 132 474 291 204
 200 489 175 229 88 289 40 483 139 364
 49 93 280 185 322 193 194 106 200 64
 177 490 96 169 182 211 193 311 333 57
 30 443 54 369 400 127 495 219 442 241
 47 390 204 277 236 74 479 384 204 390
 33 245 87 55 429 460 65 140 358 23
 185 199 88 390 326 145 426 398 70 315
 389 464 53 263 267 219 415 489 375 58
 258 255 433 382 293 99 104 233 471 314
 2 258 57 208 267 74 100 34 143 140
 286 424 136 235 198 198 95 39 308 230
 336 104 80 455 237 411 1 362 383 35
 219 80 69 491 104 163 486 153 379 392
 448 349 62 479 305 333 191 344 219 41
 191 276 47 224 158 245 8 139 189 97
 264 454 423 5 234 412 195 250 327 387
 25 344 276 363 415 383 148 65 281 410
 74 280 18 372 293 238 497 387 432 309
 259 116 317 370 27 257 17 74 371 189
 381 280 407 252 482 428 274 444 46 288
 428 460 102 88 422 290 485 357 11 20
 395 312 196 189 229 364 56 277 78 232
 264 388 493 211 122 168 373 21 449 418
 483 262 246 180 440 192 422 382 203 163
 102 343 295 149 223 242 445 351 487 205
 104 98 433 50 282 332 63 483 449 0
 70
 726 273 425 851 285 588 557 273 89 212
 803 328 536 32 157 760 902 708 965 240
 16 57 288 689 177 637 933 485 155 973
 41 799 59 64 328 571 70 591 183 425
 697 41 942 818 449 886 579 931 689 409
 763 585 115 708 103 330 844 938 399 471
 486 618 569 316 335 515 517 45 914 463
 386 979 956 702 445 691 132 764 627 13
 437 142 760 344 789 794 330 115 865 388
 170 105 287 435 349 207 679 282 450 928
 351 824 888 949 534 107 668 840 211 826
 36 175 553 309 414 230 219 260 758 486
 910 25 852 938 674 805 218 642 479 575
 628 333 526 270 167 805 238 834 582 826
 593 195 414 895 656 789 133 490 842 586
 401 732 373 888 209 105 837 281 920 578
 677 288 259 663 271 333 984 949 547 891
 35 410 456 947 438 149 58 322 681 108
 99 243 285 94 814 468 707 437 273 80
 260 595 924 741 141 659 229 725 359 32
 458 334 68 501 361 512 794 543 183 347
 6 242 514 413 112 235 697 673 603 633
 16 981 181 2 344 206 706 507 641 357
 469 380 185 437 3 144 862 98 608 982
 374 424 33 1 696 762 962 582 611 3
 252 899 156 735 997 896 244 496 113 125
 66 343 720 422 815 765 318 588 736 866
 502 761 876 691 260 965 407 632 493 823
 886 386 811 340 159 137 12 719 697 150
 113 18 245 8 175 954 741 517 316 88
 286 867 34 559 923 303 912 898 96 361
 319 613 343 188 283 168 791 507 37 814
 625 569 19 330 854 105 106 330 511 263
 348 773 482 808 426 365 601 455 141 88
 639 302 673 220 953 476 849 377 311 940
 673 407 883 694 738 937 782 28 860 832
 909 139 383 701 66 908 644 214 851 30
 648 351 761 592 656 832 577 585 666 77
 754 801 853 301 595 257 237 417 951 463
 325 989 487 519 724 849 126 528 516 762
 714 982 958 638 483 650 594 267 519 342
 632 236 560 866 144 141 438 574 181 867
 249 559 38 555 806 3 136 511 388 187
 861 330 320 5 340 582 199 823 444 416
 184 261 96 652 769 789 763 954 133 198
 590 591 910 50 365 668 362 734 593 380
 664 18 670 677 190 451 669 192 68 780
 770 515 786 520 456 105 702 523 224 903
 773 261 442 398 900 780 935 115 491 575
 535 500 913 698 744 528 666 207 680 905
 601 63 123 211 756 451 561 384 843 94
 439 302 131 787 282 321 686 130 587 980
 824 700 710 89 426 103 74 702 133 162
 65 0 350 530 964 173 81 363 201 402
 820 777 127 959 563 615 223 964 597 477
 703 999 662 490 689 642 56 197 787 978
 347 383 161 874 751 958 567 368 126 350
 111 137 194 146 30 33 977 407 754 740
 100 907 229 972 945 796 777 260 408 99
 939 301 66 819 790 556 628 967 652 619
 720 452 615 883 300 514 203 969 758 248
 731 916 930 858 261 645 798 525 252 695
 995 316 255 182 975 874 477 290 452 290
 27 25 366 825 383 182 528 451 746 412
 938 561 482 676 668 462 678 227 300 660
 165 49 643 405 305 54 184 554 574 788
 848 663 530 281 444 81 42 342 319 269
 910 671 778 118 857 752 178 605 424 911
 885 526 521 187 675 224 982 54 308 772
 772 357 25 624 515 787 403 806 638 771
 183 188 115 186 184 883 365 854 854 633
 862 761 474 643 232 986 303 827 461 657
 38 997 170 117 772 36 830 213 163 974
 568 806 441 228 621 619 727 637 336 355
 115 961 272 924 489 84 893 149 352 613
 493