500
 430 149 324 398 239 137 491 21 392 202
 77 179 9 259 311 376 177 66 134 176
 70 121 336 57 65 18 273 0 330 480
 308 274 427 457 150 229 346 132 372 458
 473 355 187 445 67 370 362 316 264 323
 27 335 446 320 45 25 76 190 299 70
 216 62 188 98 46 335 452 56 52 201
 276 163 451 496 53 422 67 185 123 271
 355 198 97 269 400 497 258 268 189 269
 30 414 201 55 111 89 302 404 60 210
 456 270 441 91 474 493 115 88 305 359
 139 359 458 218 461 172 120 279 49 0
 106 278 441 87 425 98 94 405 370 377
 386 447 12 183 96 158 58 286 231 9
 64 31 325 201 406 246 227 374 197 138
 28 449 286 114 322 169 484 138 377 266
 312 277 105 492 398 180 339 88 34 66
 120 169 410 449 342 352 491 453 441 8
 381 380 198 395 370 190 269 3 56 487
 126 231 382 293 55 378 305 327 491 363
 496 176 62 217 372 452 374 228 435 417
 455 443 364 8 383 327 248 185 10 445
 190 34 374 461 387 328 222 484 436 416
 198 362 235 51 368 127 17 264 105 456
 386 130 365 455 31 168 233 138 181 461
 127 498 219 279 352 256 17 263 164 215
 23 39 27 164 69 164 225 194 63 54
 90 57 357 411 142 5 194 481 303 96
 438 453 89 276 332 272 264 199 88 413
 459 431 391 485 408 351 266 183 335 125
 43 414 114 495 264 375 83 442 431 338
 334 12 8 431 266 285 51 252 324 267
 402 298 384 175 26 139 466 125 206 205
 187 433 20 216 460 162 154 382 394 322
 252 125 269 425 74 98 223 171 277 241
 241 149 189 81 13 322 191 323 34 423
 349 333 96 400 59 265 10 323 242 62
 283 485 161 18 454 146 63 302 491 240
 307 318 30 156 177 202 213 107 218 3
 374 263 482 194 94 269 325 169 261 25
 458 433 421 108 330 307 370 155 159 263
 337 386 215 0 273 239 392 67 280 51
 261 457 61 353 404 396 434 353 492 427
 486 491 331 280 349 388 475 213 291 8
 303 235 181 426 418 27 181 486 167 480
 44 20 19 411 345 398 224 343 70 104
 77 45 93 437 492 448 235 176 37 489
 127 242 184 101 468 34 82 137 428 160
 167 319 52 382 350 295 321 395 444 440
 496 93 495 141 81 78 85 57 123 190
 385
 201 457 723 801 27 894 277 954 61 827
 16 467 549 485 885 79 940 415 479 234
 446 649 83 602 182 91 888 864 934 899
 74 98 81 614 436 876 480 408 220 683
 112 544 712 54 914 808 925 150 361 316
 889 818 885 64 199 354 615 622 182 236
 99 299 870 536 783 633 644 166 771 656
 837 981 138 177 245 348 114 206 718 818
 992 447 782 147 984 225 0 749 119 4
 14 518 887 526 394 327 417 707 979 972
 406 623 266 162 900 656 715 672 662 493
 894 67 266 970 194 340 328 687 487 674
 521 268 137 112 549 305 342 359 652 468
 718 772 494 229 76 581 259 284 827 793
 288 479 334 630 521 1 789 616 967 274
 221 744 356 947 57 240 11 988 313 377
 602 599 751 827 222 737 947 463 538 663
 876 535 506 430 765 703 401 515 596 61
 175 716 375 869 111 98 619 200 813 725
 485 810 912 247 385 203 674 79 811 353
 897 975 199 610 582 607 134 102 807 697
 181 284 183 576 964 507 113 922 374 553
 250 825 134 326 944 627 561 88 736 312
 354 480 611 762 857 2 435 7 595 112
 362 492 287 912 242 841 228 736 214 718
 441 689 87 774 921 568 148 51 876 267
 855 306 644 59 157 714 11 44 460 320
 217 634 165 511 551 620 735 935 173 109
 53 147 517 124 259 721 761 675 492 891
 683 857 705 889 925 953 379 781 3 153
 807 788 513 570 475 467 493 517 150 957
 747 848 737 571 109 398 448 917 493 171
 817 495 875 169 145 844 208 874 278 965
 804 277 213 64 476 517 603 34 981 967
 654 439 406 688 113 731 188 137 647 830
 542 94 2 198 790 834 91 245 957 624
 745 602 977 578 765 703 415 695 246 573
 131 569 288 483 915 119 407 756 460 980
 683 539 601 390 290 681 806 863 431 574
 187 714 220 992 843 534 257 63 506 688
 71 607 525 590 168 321 584 831 362 38
 872 717 470 335 346 108 212 139 206 76
 584 891 948 248 732 641 858 570 106 315
 758 678 18 50 758 74 244 480 168 879
 869 28 995 868 82 399 433 380 789 899
 843 555 635 602 106 349 70 951 368 528
 784 726 294 49 935 877 727 424 338 117
 931 768 872 923 717 754 947 602 915 806
 591 182 262 663 682 740 273 117 662 349
 317 476 694 141 113 630 322 618 65 412
 525