500
 238 175 412 171 17 287 476 176 279 377
 370 475 118 147 57 444 399 456 10 98
 211 140 298 185 396 355 98 229 255 334
 364 279 342 99 131 8 156 237 273 345
 473 175 479 458 7 154 10 283 27 393
 8 258 276 477 487 417 126 136 260 463
 378 52 287 321 134 143 290 200 328 208
 114 11 89 324 393 217 428 263 262 194
 32 36 6 43 420 92 289 101 219 316
 68 47 5 366 166 224 300 280 43 97
 366 279 237 390 363 157 431 351 295 25
 139 334 224 430 314 393 483 445 54 391
 290 319 53 340 455 33 312 486 250 255
 481 304 420 22 5 355 30 420 491 92
 130 30 455 399 268 378 463 268 114 160
 93 108 462 106 383 344 90 137 218 414
 90 395 387 175 29 3 339 497 495 392
 115 214 81 195 308 480 33 221 62 33
 251 242 52 69 338 247 359 484 336 282
 5 169 128 412 323 419 223 262 138 399
 270 490 235 218 467 423 319 197 416 14
 71 335 73 471 243 9 259 291 437 89
 409 314 283 242 118 473 182 465 161 438
 434 268 173 163 122 244 482 342 365 254
 290 66 164 326 381 122 387 301 419 475
 53 369 423 3 431 240 206 379 213 390
 126 407 412 463 159 8 316 496 258 395
 385 428 354 200 241 490 247 90 446 13
 269 330 224 463 111 41 186 285 497 283
 172 27 244 446 23 108 498 398 435 183
 343 462 143 370 43 311 97 445 311 43
 140 27 79 63 98 232 371 53 141 267
 412 224 357 264 145 115 189 192 70 236
 380 59 402 86 285 160 173 138 102 114
 196 154 300 172 459 328 255 23 434 179
 156 228 15 109 281 225 296 164 406 311
 311 248 395 303 461 132 429 407 90 147
 403 340 430 149 324 398 239 137 491 21
 392 202 77 179 9 259 311 376 177 66
 134 176 70 121 336 57 65 18 273 0
 330 480 308 274 427 457 150 229 346 132
 372 458 473 355 187 445 67 370 362 316
 264 323 27 335 446 320 45 25 76 190
 299 70 216 62 188 98 46 335 452 56
 52 201 276 163 451 496 53 422 67 185
 123 271 355 198 97 269 400 497 258 268
 189 269 30 414 201 55 111 89 302 404
 60 210 456 270 441 91 474 493 115 88
 305 359 139 359 458 218 461 172 120 279
 49 0 106 278 441 87 425 98 94 405
 370
 755 773 894 25 367 192 316 117 573 463
 19 128 63 651 402 813 493 454 748 395
 277 56 898 573 229 644 338 968 277 755
 533 625 555 210 984 797 360 678 176 69
 132 240 338 821 899 684 705 982 906 882
 17 763 760 396 791 741 381 539 7 113
 975 253 463 764 587 110 756 610 654 982
 727 992 353 125 435 745 904 748 456 871
 835 911 887 728 16 767 654 496 370 20
 891 381 69 748 922 774 657 445 968 873
 832 396 725 471 103 736 255 35 529 211
 913 773 260 730 911 63 337 467 276 362
 923 254 996 438 559 704 512 35 527 328
 431 46 79 55 329 138 328 450 388 127
 109 180 114 715 822 284 11 388 962 607
 192 877 907 178 553 665 544 528 399 177
 826 918 863 783 970 816 702 533 367 670
 251 86 828 229 991 529 750 166 885 863
 676 669 24 17 862 532 570 102 504 649
 535 805 596 769 351 52 279 932 250 413
 411 374 867 40 432 921 324 309 765 789
 644 505 250 539 850 148 197 447 342 555
 482 482 299 378 163 26 644 383 647 69
 846 698 667 193 800 118 530 20 646 485
 125 566 970 323 37 909 293 126 605 982
 481 615 636 61 313 354 404 426 215 436
 6 749 527 965 389 189 538 651 338 522
 51 917 867 843 217 660 614 741 311 319
 526 675 772 431 0 547 479 785 135 560
 103 522 915 123 706 809 793 868 706 984
 854 972 983 662 561 699 776 950 426 582
 17 607 471 363 853 836 54 362 973 334
 960 89 41 38 822 691 796 449 687 140
 208 155 91 186 874 984 897 470 352 75
 978 255 485 368 203 937 69 164 275 856
 320 334 639 104 764 700 590 642 791 889
 881 992 186 990 283 162 157 170 115 247
 381 770 201 457 723 801 27 894 277 954
 61 827 16 467 549 485 885 79 940 415
 479 234 446 649 83 602 182 91 888 864
 934 899 74 98 81 614 436 876 480 408
 220 683 112 544 712 54 914 808 925 150
 361 316 889 818 885 64 199 354 615 622
 182 236 99 299 870 536 783 633 644 166
 771 656 837 981 138 177 245 348 114 206
 718 818 992 447 782 147 984 225 0 749
 119 4 14 518 887 526 394 327 417 707
 979 972 406 623 266 162 900 656 715 672
 662 493 894 67 266 970 194 340 328 687
 487 674 521 268 137 112 549 305 342 359
 652