250
 145 218 440 388 378 382 344 245 202 24
 393 429 284 21 372 498 283 141 111 298
 235 116 293 442 458 458 350 19 103 101
 446 436 77 86 240 470 101 202 100 194
 71 222 169 148 173 96 315 308 64 415
 92 226 79 82 351 416 373 318 211 219
 244 13 219 140 117 101 102 344 42 132
 284 21 414 479 416 487 70 467 125 134
 123 102 8 28 102 179 220 435 248 222
 382 16 362 48 292 60 139 388 191 78
 71 100 11 353 483 246 357 472 319 476
 89 69 348 348 344 318 445 325 212 275
 480 127 204 298 337 20 200 180 155 52
 249 469 336 169 457 214 433 163 461 439
 206 429 173 24 346 325 71 28 209 233
 329 76 100 25 246 140 23 463 181 170
 314 227 342 275 254 160 208 163 106 416
 125 281 449 133 63 254 439 12 127 110
 258 241 498 214 177 342 7 19 69 298
 497 324 97 462 401 24 70 375 362 31
 441 33 398 316 156 124 479 65 88 116
 269 162 129 43 450 372 274 277 434 202
 370 407 216 348 397 418 161 428 231 99
 121 318 396 469 63 435 486 63 187 316
 99 196 122 180 44 25 15 257 354 286
 100
 435 479 495 139 155 451 344 330 12 674
 443 129 20 56 388 308 791 929 204 70
 307 791 728 712 631 604 371 83 443 643
 736 376 546 402 892 595 545 747 531 322
 523 304 552 804 180 557 885 961 468 291
 985 594 85 973 784 35 208 214 669 315
 396 242 688 876 70 547 3 554 112 989
 583 468 909 258 580 505 359 509 467 934
 992 869 527 196 281 587 907 899 341 281
 783 130 267 485 255 911 613 563 18 289
 255 284 381 408 529 656 27 557 57 998
 854 636 647 843 292 51 427 15 735 584
 832 980 471 737 537 103 194 462 343 854
 848 123 801 840 825 597 105 700 273 967
 370 11 708 740 908 254 903 836 636 568
 315 408 174 94 262 550 868 74 981 240
 483 725 464 126 633 319 214 893 9 895
 539 312 135 762 119 634 767 243 824 334
 560 407 146 554 130 108 414 862 661 742
 70 949 146 747 842 443 663 801 984 984
 106 40 203 651 497 615 504 8 363 80
 251 623 313 284 769 186 713 325 567 392
 555 688 913 986 656 983 86 315 630 179
 723 632 988 355 738 139 302 903 494 369
 317 908 54 737 701 252 429 416 619 442
 646