250
 11 484 348 428 209 415 67 458 340 378
 109 280 476 429 398 325 468 133 396 254
 128 212 258 177 140 193 99 7 265 51
 37 211 111 407 370 388 159 125 137 473
 152 233 180 111 111 316 454 139 319 331
 412 66 193 139 10 325 360 135 209 436
 323 36 183 352 112 346 260 231 448 196
 264 257 411 359 220 307 267 10 117 335
 145 94 481 303 125 239 428 123 230 62
 355 296 189 475 464 361 55 152 314 77
 393 171 390 200 5 129 108 26 434 200
 389 109 276 102 458 261 90 294 295 225
 210 352 213 124 350 394 62 443 47 10
 381 492 66 45 325 355 8 67 241 499
 178 373 43 434 498 63 454 61 387 279
 469 472 122 407 255 66 141 269 206 107
 248 244 71 3 418 263 50 133 398 24
 335 358 194 298 267 345 326 338 199 200
 315 245 395 333 366 138 385 188 336 142
 46 341 37 224 178 61 183 70 320 225
 237 37 183 356 211 282 493 69 491 154
 14 412 368 120 349 376 405 182 465 29
 276 361 95 126 193 327 216 32 180 298
 75 403 226 492 453 90 293 447 116 194
 221 93 245 483 46 439 376 53 277 488
 3
 531 975 453 366 85 5 525 163 683 942
 206 370 183 479 422 668 957 247 356 164
 823 557 504 767 994 975 4 423 6 548
 50 280 45 368 20 568 655 20 438 166
 818 239 52 271 239 153 110 454 814 590
 556 235 182 12 418 160 443 651 35 80
 918 880 306 867 238 330 523 918 28 896
 297 243 212 560 668 376 988 483 534 949
 32 136 5 657 870 753 326 778 99 529
 922 368 354 919 596 630 973 741 656 576
 700 65 842 356 579 995 511 511 726 109
 530 483 775 524 979 623 975 87 515 719
 990 309 805 113 722 113 815 441 97 908
 388 117 759 48 803 210 587 356 971 422
 247 205 131 359 569 261 364 431 268 916
 486 570 381 555 363 31 970 663 812 652
 946 538 46 7 574 421 135 681 374 607
 935 218 52 763 183 804 711 385 350 417
 713 401 436 940 395 577 331 407 753 918
 663 322 803 257 77 493 428 358 344 415
 141 193 920 225 94 27 14 779 340 619
 575 124 175 73 751 269 604 498 5 574
 836 552 698 683 4 856 294 733 858 567
 624 597 391 563 919 503 350 754 798 679
 110 962 149 256 43 21 315 602 91 627
 879