500
 57 134 292 7 32 50 418 389 498 265
 70 315 222 2 302 298 232 365 125 270
 52 113 445 251 342 205 457 107 364 182
 114 41 481 177 237 370 420 385 410 479
 212 308 219 475 70 51 148 3 177 482
 224 312 64 33 88 62 434 315 474 415
 91 226 356 427 333 487 250 289 293 155
 295 243 38 88 437 438 151 18 281 314
 123 462 286 203 246 18 66 431 58 174
 267 481 420 135 383 173 48 62 237 334
 470 180 145 314 476 169 353 234 467 220
 454 411 147 57 204 427 235 338 315 166
 270 249 317 103 260 80 380 35 175 281
 173 429 105 76 154 261 359 78 219 272
 89 318 291 26 427 155 119 283 165 247
 499 426 317 364 403 210 389 441 430 339
 201 490 124 341 416 426 456 165 443 97
 187 275 141 276 371 412 332 11 396 386
 378 17 405 259 239 256 156 87 94 227
 151 447 78 379 116 417 444 190 171 121
 294 450 92 59 68 360 195 227 143 61
 233 193 441 448 420 148 427 104 347 482
 290 335 465 213 257 340 329 89 92 467
 291 202 276 289 413 280 81 223 218 116
 190 455 359 11 121 207 235 89 304 287
 456 7 72 172 339 40 420 97 282 4
 243 307 416 208 299 49 55 260 110 284
 306 151 293 260 389 227 40 279 483 457
 35 302 214 39 438 308 296 212 191 376
 207 6 64 140 35 379 309 302 75 0
 278 154 47 451 452 372 314 325 436 450
 94 340 365 181 116 300 394 241 414 3
 380 110 45 346 400 244 363 394 335 219
 235 20 37 24 324 499 19 404 275 116
 296 84 175 244 80 471 417 401 463 168
 216 436 207 6 172 145 403 446 273 243
 487 135 482 96 201 206 13 372 94 282
 139 13 289 177 310 150 479 42 185 120
 445 54 439 255 144 364 207 483 73 122
 299 109 35 73 368 305 162 200 492 262
 247 283 172 50 150 320 291 300 487 200
 290 418 58 253 467 236 374 393 314 290
 336 485 424 114 131 367 411 200 278 218
 259 230 161 159 161 130 427 495 254 45
 374 333 499 95 22 451 7 472 26 458
 7 121 386 483 6 55 267 219 406 225
 312 468 401 258 481 198 149 31 282 251
 459 12 13 88 193 385 467 454 215 118
 180 255 40 96 470 28 483 33 341 438
 103 179 63 458 52 336 383 113 70 403
 430
 308 221 392 196 525 728 140 878 476 288
 438 20 713 285 38 672 150 691 986 457
 706 858 722 362 890 885 475 849 1 247
 102 841 407 483 174 90 995 492 43 828
 692 377 50 615 399 290 802 712 328 680
 52 398 529 162 909 123 301 80 367 583
 485 861 562 885 156 324 238 405 595 469
 211 263 181 975 907 259 228 526 183 529
 110 239 24 467 691 245 138 768 210 785
 942 710 894 344 629 138 470 627 674 588
 952 200 704 694 575 111 434 764 764 393
 890 227 262 523 922 610 211 995 756 452
 279 426 74 446 734 813 640 170 660 67
 380 271 927 711 814 527 955 85 134 786
 593 341 772 716 87 151 130 793 431 929
 930 699 481 696 392 733 97 873 433 764
 184 881 50 34 840 266 252 938 976 193
 964 959 96 528 856 144 945 8 615 171
 809 377 797 740 169 574 621 559 808 211
 817 229 147 143 468 952 241 258 12 199
 736 209 193 664 976 967 806 911 454 133
 866 814 908 427 349 963 975 319 488 491
 881 26 36 372 352 789 643 725 177 317
 387 446 223 827 850 604 407 246 532 173
 660 114 392 118 152 178 391 615 551 261
 174 558 121 262 914 204 914 109 762 314
 312 875 125 309 633 185 850 406 324 431
 130 516 335 59 776 876 20 921 82 462
 556 533 837 879 277 271 673 123 929 815
 197 743 912 958 9 625 125 131 98 785
 777 170 685 391 154 46 818 764 796 613
 857 135 487 421 241 516 243 211 922 892
 770 406 316 149 676 841 98 37 726 874
 753 388 83 401 761 144 854 926 686 819
 738 156 425 782 823 682 315 921 907 839
 332 575 354 770 787 482 901 209 758 877
 926 758 646 116 545 250 848 9 850 405
 99 498 134 677 909 456 454 877 802 781
 635 239 594 888 217 231 8 597 420 734
 699 912 921 258 481 560 771 699 431 415
 393 986 570 263 687 108 317 530 844 880
 886 476 338 300 173 188 513 890 994 215
 289 435 17 923 252 986 320 365 164 745
 257 246 664 17 618 0 128 648 674 910
 348 149 604 657 761 188 971 441 805 787
 654 503 184 209 251 682 21 636 826 913
 507 69 487 216 588 76 888 306 527 939
 261 911 507 249 559 400 994 37 135 392
 716 713 902 344 241 762 982 652 42 645
 946 982 685 76 570 437 748 738 890 819
 239