100
 389 247 23 417 177 449 76 317 450 161
 146 119 73 312 79 43 206 44 313 497
 114 302 39 20 202 161 255 396 296 129
 475 2 152 381 156 256 433 43 474 333
 123 45 330 49 159 53 300 100 252 201
 446 211 400 24 250 11 23 242 417 460
 476 255 370 423 179 131 30 249 280 405
 497 378 234 476 29 198 60 70 196 130
 451 307 415 257 452 30 321 419 207 240
 380 228 177 464 134 208 409 70 272 402
 234
 336 555 261 753 150 666 828 346 641 154
 483 107 228 170 437 706 330 24 755 903
 95 384 955 105 473 259 191 42 231 827
 941 105 920 436 609 218 147 335 623 728
 743 106 277 409 49 441 68 42 400 848
 675 69 701 448 36 151 127 338 478 178
 428 985 546 998 544 542 904 979 699 880
 701 171 252 969 933 830 697 757 175 882
 950 614 880 219 85 746 469 62 102 486
 511 150 73 928 724 391 754 231 755 516
 255