500
 136 486 181 249 210 383 63 405 485 410
 200 492 286 221 35 222 213 194 319 151
 136 346 465 469 111 281 23 172 473 219
 137 0 410 16 412 463 259 149 97 152
 170 405 496 212 41 400 489 385 464 332
 364 457 433 354 310 112 153 254 173 494
 279 28 459 101 403 227 56 179 13 69
 436 82 302 407 4 285 207 50 277 230
 196 454 30 169 461 55 338 196 344 254
 352 380 54 232 492 363 228 407 269 445
 11 122 49 314 338 488 78 101 80 425
 173 312 93 198 267 194 298 370 456 80
 402 140 420 184 275 10 145 234 355 395
 298 267 0 483 100 379 438 88 413 83
 440 206 106 161 168 177 450 31 44 174
 353 345 34 383 226 8 9 379 478 451
 5 78 361 58 201 84 399 8 121 8
 220 374 328 344 231 53 189 441 363 342
 380 259 340 246 396 253 314 75 236 233
 442 36 279 448 105 50 100 127 4 461
 365 283 321 137 449 117 92 253 105 210
 93 314 349 427 226 225 158 319 67 238
 373 353 139 276 360 409 119 337 98 35
 105 161 3 132 482 411 488 352 196 217
 251 302 41 242 134 477 136 483 39 25
 12 275 227 183 3 368 170 228 165 118
 348 58 370 310 432 54 159 153 303 241
 291 18 111 237 52 301 143 147 453 168
 408 195 211 375 387 166 14 110 145 77
 324 45 334 272 395 495 369 111 44 489
 401 302 289 307 318 327 454 96 422 211
 398 463 478 49 107 25 141 206 123 300
 487 115 112 22 458 84 118 194 20 203
 453 300 241 331 200 328 342 426 183 325
 247 115 470 485 452 498 357 436 23 397
 187 351 391 385 163 92 365 355 454 46
 228 450 212 80 10 187 306 457 211 65
 356 136 374 337 93 72 358 264 167 12
 88 477 249 449 70 278 317 399 315 164
 45 413 41 348 165 320 259 400 282 255
 338 113 234 27 206 186 17 157 247 410
 303 281 229 322 25 339 374 326 366 323
 335 313 135 239 367 331 112 364 235 340
 212 187 186 31 407 46 136 383 311 220
 118 481 197 253 107 482 118 7 155 405
 253 382 423 16 350 112 15 23 258 184
 359 10 461 8 441 159 247 273 272 153
 75 190 40 460 185 336 323 154 451 22
 492 370 374 457 68 332 368 107 435 185
 390 463 230 466 200 63 170 39 299 306
 346
 330 242 992 873 765 233 60 46 313 855
 597 486 444 147 429 154 923 98 758 201
 169 988 515 784 437 162 571 321 308 163
 689 363 383 163 670 474 421 148 152 459
 445 49 523 956 263 81 145 944 659 513
 932 962 766 122 272 55 802 207 840 114
 827 274 684 11 437 151 406 244 700 701
 196 782 729 878 322 170 747 164 247 352
 443 99 442 519 618 746 72 579 234 410
 368 43 38 800 628 368 468 63 310 840
 823 906 984 22 218 795 112 750 985 319
 345 982 880 217 382 613 536 994 695 736
 198 387 934 66 865 154 131 605 485 325
 99 748 132 810 638 560 609 804 285 25
 966 607 231 73 477 98 626 526 738 940
 429 422 249 166 281 444 234 864 937 547
 269 439 798 43 974 850 325 775 403 6
 834 153 665 429 76 312 896 267 641 548
 674 807 704 883 510 86 142 978 672 536
 493 478 673 689 588 190 389 335 705 124
 620 464 420 643 376 664 421 550 781 467
 477 336 445 163 54 128 159 561 722 828
 881 42 198 365 684 732 132 31 834 655
 847 410 660 160 814 285 92 817 949 704
 624 836 936 617 87 172 471 711 310 219
 660 420 489 712 740 137 525 456 196 898
 28 787 113 730 384 492 764 668 514 923
 318 284 57 726 63 548 485 36 156 424
 714 748 643 447 384 897 191 267 739 696
 610 712 194 646 917 967 420 762 846 940
 199 990 924 715 94 518 843 721 862 676
 883 539 556 951 424 988 170 714 870 305
 638 246 456 983 249 892 340 405 334 809
 684 557 586 885 248 702 714 58 11 399
 759 864 877 750 767 415 498 349 367 80
 581 577 820 877 123 925 408 583 523 835
 9 330 735 854 851 443 866 949 566 820
 924 691 479 286 838 257 181 177 679 240
 835 128 425 391 264 858 930 112 749 420
 455 604 604 239 960 868 155 136 784 104
 329 217 332 338 807 512 258 318 772 737
 511 29 0 67 93 186 464 547 887 239
 448 352 147 473 37 359 445 817 945 637
 177 257 36 407 595 751 117 119 402 878
 443 983 696 581 382 953 656 14 590 921
 190 493 321 464 386 233 544 812 486 150
 408 318 56 639 70 194 566 403 405 907
 25 845 659 562 825 548 449 191 196 278
 526 279 65 943 343 416 239 332 160 852
 362 591 6 67 233 461 830 198 672 245
 172