250
 449 37 49 40 307 218 438 240 204 110
 341 56 272 356 27 457 404 462 75 180
 158 444 409 442 32 99 177 307 311 91
 118 49 149 435 268 391 316 322 83 385
 328 418 490 69 88 122 174 57 103 359
 409 496 223 391 73 492 112 0 374 59
 2 7 259 443 263 197 163 208 353 489
 486 203 311 133 81 450 328 357 336 331
 246 447 33 133 485 97 170 164 343 243
 337 260 134 68 56 274 152 171 179 326
 234 359 386 247 114 38 290 129 142 413
 396 144 239 167 315 260 0 394 308 483
 137 110 372 178 473 28 120 5 494 156
 188 301 299 375 413 111 368 473 231 269
 331 438 267 253 215 382 351 200 257 298
 30 87 358 187 434 55 49 309 100 406
 362 242 405 456 123 192 101 337 39 405
 176 448 487 99 305 291 303 67 51 403
 348 90 142 91 288 482 253 56 461 187
 276 125 412 67 163 472 313 280 44 368
 156 177 240 305 381 428 1 217 3 297
 56 181 246 143 456 121 420 114 368 107
 359 220 344 43 387 460 284 74 25 438
 133 427 153 322 29 78 357 5 22 230
 160 108 317 82 255 275 310 367 467 86
 54
 53 147 517 124 259 721 761 675 492 891
 683 857 705 889 925 953 379 781 3 153
 807 788 513 570 475 467 493 517 150 957
 747 848 737 571 109 398 448 917 493 171
 817 495 875 169 145 844 208 874 278 965
 804 277 213 64 476 517 603 34 981 967
 654 439 406 688 113 731 188 137 647 830
 542 94 2 198 790 834 91 245 957 624
 745 602 977 578 765 703 415 695 246 573
 131 569 288 483 915 119 407 756 460 980
 683 539 601 390 290 681 806 863 431 574
 187 714 220 992 843 534 257 63 506 688
 71 607 525 590 168 321 584 831 362 38
 872 717 470 335 346 108 212 139 206 76
 584 891 948 248 732 641 858 570 106 315
 758 678 18 50 758 74 244 480 168 879
 869 28 995 868 82 399 433 380 789 899
 843 555 635 602 106 349 70 951 368 528
 784 726 294 49 935 877 727 424 338 117
 931 768 872 923 717 754 947 602 915 806
 591 182 262 663 682 740 273 117 662 349
 317 476 694 141 113 630 322 618 65 412
 525 738 709 938 7 707 621 946 858 342
 999 890 217 121 715 501 549 97 80 590
 586 302 730 246 303 698 241 141 260 691
 417