500
 407 281 401 156 164 162 285 384 151 157
 62 409 55 5 430 442 453 434 287 128
 400 155 180 145 39 366 343 137 425 295
 184 165 318 138 267 270 344 30 233 271
 490 433 157 340 439 21 315 37 289 108
 26 133 218 349 301 350 160 172 163 413
 328 319 393 483 63 158 233 377 340 307
 140 76 24 375 220 118 377 422 236 192
 444 447 319 96 59 62 446 357 195 246
 56 239 87 122 231 443 255 269 292 41
 342 423 347 493 173 406 198 230 458 198
 210 209 238 54 317 314 287 52 290 118
 267 295 65 265 110 127 275 208 217 321
 472 469 248 404 135 343 17 182 293 9
 94 136 275 246 214 54 163 17 404 190
 14 168 354 466 359 449 114 325 376 103
 154 346 441 129 242 356 357 204 42 286
 107 438 99 361 416 343 161 377 377 248
 9 407 102 122 349 444 195 381 139 341
 450 241 363 15 316 5 120 274 432 206
 179 323 10 487 161 241 119 49 334 186
 264 228 414 77 43 405 474 351 380 26
 61 408 72 349 287 180 179 73 495 146
 440 101 257 162 485 105 26 37 123 78
 273 465 249 415 477 455 291 455 107 173
 465 248 377 286 147 205 386 214 189 454
 312 202 356 111 371 243 485 109 89 188
 354 133 112 92 443 266 226 388 64 127
 329 171 299 150 319 34 437 263 426 296
 372 27 108 141 63 71 398 71 188 180
 139 176 438 141 276 489 120 146 359 492
 156 274 273 183 152 499 426 2 491 93
 7 329 187 382 229 177 240 434 344 344
 456 251 96 56 171 467 383 282 184 495
 305 107 98 27 108 480 198 301 461 375
 246 85 301 358 368 287 44 135 397 403
 274 7 220 276 290 289 193 179 320 222
 378 455 279 117 132 151 444 390 10 99
 16 98 38 150 88 483 341 390 160 442
 377 446 139 472 202 339 499 121 419 414
 371 226 241 27 143 213 107 477 230 332
 115 451 437 50 30 409 439 295 311 68
 252 231 237 9 255 425 454 217 305 360
 206 376 462 372 99 85 105 477 117 359
 250 353 186 138 487 464 179 335 21 210
 305 52 208 321 190 395 109 487 283 462
 465 40 320 452 409 489 364 136 145 26
 296 221 236 318 243 310 22 370 252 325
 106 274 265 58 394 451 370 371 454 274
 251 158 51 83 135 269 316 375 121 302
 381
 626 687 343 951 808 846 474 199 717 148
 449 707 582 759 918 987 415 785 989 667
 415 813 289 329 526 714 212 53 92 668
 90 611 488 928 69 252 442 254 828 953
 979 659 883 927 369 732 808 548 717 148
 758 483 523 436 534 423 561 502 884 154
 1 547 557 186 170 239 153 675 222 652
 254 926 849 190 581 283 402 483 179 533
 719 663 658 371 880 714 705 511 772 29
 993 845 545 427 372 59 368 900 166 546
 601 553 665 744 982 8 965 415 978 236
 785 812 187 175 479 4 205 372 267 176
 742 994 955 0 808 218 318 685 463 104
 438 839 808 864 322 152 987 89 310 439
 247 901 514 444 241 631 468 932 699 373
 216 770 655 731 695 655 795 75 945 758
 908 402 336 645 285 818 2 866 714 861
 178 167 390 875 30 224 254 982 402 479
 213 783 643 366 93 217 181 87 525 345
 75 378 182 812 553 140 553 586 599 585
 791 960 507 390 21 757 752 126 696 43
 969 832 227 808 589 484 519 990 158 771
 541 212 812 625 547 737 972 351 387 819
 173 824 409 618 53 525 132 147 357 11
 844 879 990 608 368 715 12 446 209 974
 91 833 697 506 291 561 168 954 278 827
 989 92 278 591 59 279 136 170 987 945
 667 285 707 678 421 432 641 140 32 363
 133 984 685 724 539 333 256 715 76 452
 725 841 725 824 218 432 756 243 991 771
 907 769 841 922 561 534 700 493 395 797
 936 229 395 196 775 875 575 100 323 808
 275 832 599 119 510 383 660 627 203 684
 25 238 797 231 830 989 540 305 501 664
 823 713 53 641 968 233 534 390 861 144
 486 335 360 96 898 146 228 678 173 387
 366 979 895 714 837 124 829 712 93 650
 200 758 950 455 162 447 925 783 267 554
 861 21 946 749 277 676 560 865 539 137
 413 22 769 307 260 794 963 94 65 532
 567 800 899 737 491 301 352 936 786 838
 302 992 386 934 901 693 794 271 580 440
 277 638 566 631 395 469 477 36 539 639
 489 601 338 375 507 870 728 299 981 706
 712 889 825 171 479 705 600 763 22 236
 145 463 81 474 624 750 976 138 685 731
 185 194 921 752 574 648 360 150 131 228
 124 273 218 494 732 391 298 198 676 845
 105 978 393 823 501 783 499 726 852 434
 809 403 701 133 557 167 234 557 501 250
 943