250
 429 323 253 404 344 417 309 68 296 196
 242 311 107 192 30 276 259 55 254 436
 11 397 297 313 190 194 178 198 485 81
 252 390 141 308 280 237 420 466 223 188
 105 163 129 436 252 263 156 195 466 192
 215 174 438 20 38 269 336 459 262 334
 240 366 377 164 189 266 282 4 478 199
 194 461 416 52 69 375 91 22 207 385
 266 405 172 207 429 485 31 397 265 96
 254 229 194 212 356 453 13 254 237 21
 278 283 283 393 440 433 143 32 362 442
 232 172 352 122 209 203 62 28 25 456
 14 492 409 13 142 105 65 300 35 24
 293 287 464 479 59 305 444 302 216 331
 311 316 183 450 74 423 180 383 315 407
 497 468 291 192 112 288 124 351 89 321
 35 371 167 67 475 239 461 191 444 266
 55 345 325 397 379 354 242 11 38 303
 192 220 80 119 341 111 243 439 62 428
 213 144 261 378 463 469 81 153 47 314
 361 489 226 330 125 284 495 426 429 457
 274 435 176 348 48 270 350 168 176 380
 268 418 466 179 130 441 280 385 50 254
 188 329 49 467 258 360 456 287 284 194
 327 219 395 100 122 47 128 367 328 274
 226
 548 920 328 575 247 688 54 96 285 502
 847 86 647 411 355 936 206 431 587 800
 322 752 777 411 867 19 269 674 797 954
 809 669 841 43 814 947 575 56 482 353
 409 859 556 954 992 323 13 396 957 92
 529 631 70 372 356 706 699 540 321 808
 705 281 847 546 441 392 697 76 783 356
 795 273 842 679 619 680 935 959 15 373
 63 611 483 469 659 624 749 757 234 48
 488 788 474 740 718 599 386 138 603 365
 68 448 243 531 979 381 815 910 338 387
 825 131 177 100 134 473 281 7 109 420
 636 853 791 41 567 819 981 767 46 363
 457 813 537 353 741 9 766 133 757 224
 522 574 950 510 651 447 480 998 956 874
 947 289 231 101 104 884 861 390 270 86
 76 820 619 675 666 423 598 887 539 302
 757 483 413 921 921 699 910 385 353 610
 209 973 325 1 275 353 326 441 26 957
 934 197 314 706 187 156 507 844 184 227
 567 13 300 155 436 519 427 176 776 889
 37 263 901 704 359 195 66 187 787 942
 113 263 866 548 775 129 701 506 332 751
 736 214 768 199 991 404 737 863 98 444
 544 255 211 571 793 605 77 796 456 993
 73