750
 374 313 317 277 432 173 468 280 224 119
 400 113 347 404 463 387 38 414 319 38
 144 318 471 409 319 454 243 290 38 88
 444 296 173 466 220 109 470 304 63 488
 278 422 365 275 296 272 37 172 204 318
 375 41 157 220 20 279 200 116 194 211
 481 153 455 38 374 141 39 124 28 376
 485 407 435 443 8 295 112 145 230 496
 278 48 296 314 61 13 496 493 266 258
 368 5 310 472 395 204 467 189 446 431
 89 486 345 215 204 319 1 159 497 439
 414 377 267 155 118 394 94 290 439 492
 422 297 318 270 288 207 448 347 11 484
 348 428 209 415 67 458 340 378 109 280
 476 429 398 325 468 133 396 254 128 212
 258 177 140 193 99 7 265 51 37 211
 111 407 370 388 159 125 137 473 152 233
 180 111 111 316 454 139 319 331 412 66
 193 139 10 325 360 135 209 436 323 36
 183 352 112 346 260 231 448 196 264 257
 411 359 220 307 267 10 117 335 145 94
 481 303 125 239 428 123 230 62 355 296
 189 475 464 361 55 152 314 77 393 171
 390 200 5 129 108 26 434 200 389 109
 276 102 458 261 90 294 295 225 210 352
 213 124 350 394 62 443 47 10 381 492
 66 45 325 355 8 67 241 499 178 373
 43 434 498 63 454 61 387 279 469 472
 122 407 255 66 141 269 206 107 248 244
 71 3 418 263 50 133 398 24 335 358
 194 298 267 345 326 338 199 200 315 245
 395 333 366 138 385 188 336 142 46 341
 37 224 178 61 183 70 320 225 237 37
 183 356 211 282 493 69 491 154 14 412
 368 120 349 376 405 182 465 29 276 361
 95 126 193 327 216 32 180 298 75 403
 226 492 453 90 293 447 116 194 221 93
 245 483 46 439 376 53 277 488 3 265
 487 226 183 42 2 262 81 341 471 103
 185 91 239 211 334 478 123 178 82 411
 278 252 383 497 487 2 211 3 274 25
 140 22 184 10 284 327 10 219 83 409
 119 26 135 119 76 55 227 407 295 278
 117 91 6 209 80 221 325 17 40 459
 440 153 433 119 165 261 459 14 448 148
 121 106 280 334 188 494 241 267 474 16
 68 2 328 435 376 163 389 49 264 461
 184 177 459 298 315 486 370 328 288 350
 32 421 178 289 497 255 255 363 54 265
 241 387 262 489 311 487 43 257 359 495
 154 402 56 361 56 407 220 48 454 194
 58 379 24 401 105 293 178 485 211 123
 102 65 179 284 130 182 215 134 458 243
 285 190 277 181 15 485 331 406 326 473
 269 23 3 287 210 67 340 187 303 467
 109 26 381 91 402 355 192 175 208 356
 200 218 470 197 288 165 203 376 459 331
 161 401 128 38 246 214 179 172 207 70
 96 460 112 47 13 7 389 170 309 287
 62 87 36 375 134 302 249 2 287 418
 276 349 341 2 428 147 366 429 283 312
 298 195 281 459 251 175 377 399 339 55
 481 74 128 21 10 157 301 45 313 439
 188 21 89 351 203 156 159 237 110 101
 260 97 304 104 218 321 217 415 110 79
 335 461 454 166 305 10 364 259 473 169
 490 444 228 295 228 290 316 235 43 208
 293 331 174 416 466 387 444 189 10 32
 475 24 214 191 189 49 494 284 476 339
 122 438 4 333 242 59 430 91 267 313
 127 46 409 89 395 58 488 59 332 69
 42 152 418 211 24 325 28 229 83 56
 74 291 54 397 27 451 104 30 205 363
 11 31 246 299 310 231 153 480 452 383
 137 483 342 138 40 83 232 464 105 147
 379
 486 230 720 101 902 86 682 594 705 617
 696 195 27 134 477 768 693 447 967 496
 534 898 429 943 512 997 200 614 466 930
 362 689 940 712 551 409 571 208 493 391
 874 454 376 494 121 668 754 194 927 206
 559 239 811 813 692 708 141 103 443 562
 714 551 895 676 693 875 588 420 367 101
 151 803 105 538 853 760 456 538 971 379
 728 163 989 878 986 412 744 927 391 383
 935 391 160 416 631 934 291 705 440 607
 915 254 659 876 255 610 931 101 176 574
 197 941 526 434 675 23 631 457 229 745
 336 972 229 23 905 233 421 408 629 741
 616 97 407 624 126 978 602 455 117 54
 310 862 279 846 870 275 986 969 548 971
 773 776 538 537 177 870 347 427 760 172
 345 479 604 946 974 839 683 220 314 740
 607 761 873 664 217 950 979 416 268 564
 685 25 996 704 301 503 612 256 588 915
 118 960 173 743 929 440 986 228 190 455
 724 972 276 534 27 859 258 558 249 138
 557 149 125 419 822 810 879 689 669 821
 892 640 852 506 611 422 25 247 791 495
 440 999 750 176 568 999 243 315 131 523
 780 779 573 384 39 813 583 837 98 256
 842 174 929 309 344 530 216 229 912 810
 147 364 760 282 535 311 64 707 957 21
 884 441 533 341 175 599 439 386 400 27
 199 90 75 15 66 18 287 644 749 32
 894 22 167 970 141 970 529 428 296 484
 25 265 670 126 831 981 452 487 743 94
 544 576 593 89 341 256 16 124 557 480
 467 818 585 759 588 5 142 577 995 608
 705 320 400 680 191 763 850 248 980 540
 562 876 547 83 941 405 17 273 385 104
 687 994 418 796 763 767 698 530 500 536
 192 950 165 872 576 660 876 87 847 754
 385 887 637 25 448 660 866 599 817 583
 157 14 996 698 800 622 196 822 786 277
 818 324 717 480 826 888 560 343 699 146
 672 936 174 309 629 454 287 84 456 503
 734 962 99 629 809 976 250 681 534 863
 519 698 359 967 612 434 277 966 645 369
 880 295 508 418 822 481 317 537 665 769
 991 659 736 776 544 63 430 176 220 380
 484 676 63 561 588 888 492 426 991 15
 498 617 34 471 298 826 810 497 750 625
 511 711 744 463 251 806 791 981 138 99
 634 160 196 489 658 853 408 970 405 121
 262 37 266 897 845 814 759 878 545 31
 222 746 838 821 683 784 984 123 401 367
 741 281 63 177 814 726 520 971 657 540
 569 167 643 543 435 547 134 727 22 889
 604 647 385 315 326 379 728 225 21 356
 374 26 146 436 785 921 414 940 882 18
 400 103 493 619 292 861 360 39 583 44
 480 408 660 469 181 0 752 101 621 168
 504 331 951 955 342 376 252 202 822 37
 16 490 221 230 941 558 840 197 87 708
 847 538 940 566 284 972 3 55 919 512
 885 523 741 375 122 907 492 581 911 526
 938 210 683 801 155 173 264 327 449 749
 445 129 119 955 937 876 571 735 426 285
 996 283 271 935 149 190 264 948 583 408
 401 979 351 458 177 579 80 967 279 729
 99 187 561 371 645 387 389 212 401 128
 354 980 193 339 365 423 387 622 667 115
 61 887 109 739 801 254 991 438 885 483
 95 780 409 555 472 149 958 769 408 780
 66 490 175 110 859 920 130 281 716 47
 370 399 177 780 653 291 852 797 141 631
 778 928 106 526 534 438 830 978 751 116
 516 511 867 765 586 198 208 466 942 628
 5 517 115 416 534 149 201 68 286 281
 573 849 273 470 397 396 191 79 616 460
 672