500
 7 33 9 143 322 374 16 447 11 83
 485 70 485 264 214 148 242 12 132 335
 63 415 490 226 243 371 47 272 288 296
 44 170 128 8 62 278 240 233 409 292
 379 294 2 71 288 497 304 352 160 200
 340 95 381 425 124 490 270 281 438 273
 41 470 202 8 136 192 52 343 497 209
 398 381 383 349 265 250 268 96 475 82
 436 288 330 438 43 423 377 192 443 318
 12 224 330 433 299 408 291 78 7 498
 349 400 311 98 411 393 138 409 162 358
 240 413 444 280 171 349 73 336 468 87
 154 314 227 143 42 228 251 367 481 49
 314 404 488 125 340 267 431 259 349 179
 483 306 217 138 483 322 184 440 147 254
 209 411 240 158 268 332 384 495 329 368
 388 272 31 215 88 110 190 242 338 31
 280 294 444 246 213 495 7 249 308 17
 235 149 413 405 248 375 312 255 355 372
 231 125 403 395 490 69 49 317 80 98
 244 329 426 204 485 202 60 131 18 133
 448 422 407 379 439 272 15 111 373 419
 410 341 392 492 61 200 183 370 140 31
 88 407 363 260 485 328 270 284 83 321
 271 217 273 67 363 11 444 302 323 192
 157 163 189 364 112 10 178 187 13 73
 218 392 460 207 470 441 9 200 51 246
 309 146 430 180 19 291 22 240 204 330
 234 90 0 376 50 310 84 252 165 475
 477 171 188 126 101 411 18 8 245 110
 115 470 279 420 98 43 354 423 269 470
 283 142 486 1 27 459 256 442 261 370
 187 61 453 246 290 455 263 469 105 341
 400 77 86 132 163 224 374 222 64 59
 477 468 438 285 367 213 142 498 141 135
 467 74 95 132 474 291 204 200 489 175
 229 88 289 40 483 139 364 49 93 280
 185 322 193 194 106 200 64 177 490 96
 169 182 211 193 311 333 57 30 443 54
 369 400 127 495 219 442 241 47 390 204
 277 236 74 479 384 204 390 33 245 87
 55 429 460 65 140 358 23 185 199 88
 390 326 145 426 398 70 315 389 464 53
 263 267 219 415 489 375 58 258 255 433
 382 293 99 104 233 471 314 2 258 57
 208 267 74 100 34 143 140 286 424 136
 235 198 198 95 39 308 230 336 104 80
 455 237 411 1 362 383 35 219 80 69
 491 104 163 486 153 379 392 448 349 62
 479 305 333 191 344 219 41 191 276 47
 224
 316 490 16 278 379 194 529 909 847 11
 468 825 390 500 654 775 50 689 552 726
 830 767 297 131 563 821 148 560 37 745
 587 476 994 775 865 619 518 232 635 740
 54 515 34 148 743 378 762 560 815 504
 964 856 548 888 92 577 856 921 205 177
 844 580 970 714 23 40 790 624 392 379
 459 729 112 555 157 464 528 777 986 423
 244 337 747 42 899 837 967 524 492 361
 881 384 845 765 406 326 204 687 591 299
 447 484 890 702 974 411 208 196 866 101
 565 664 127 966 899 1 140 726 273 425
 851 285 588 557 273 89 212 803 328 536
 32 157 760 902 708 965 240 16 57 288
 689 177 637 933 485 155 973 41 799 59
 64 328 571 70 591 183 425 697 41 942
 818 449 886 579 931 689 409 763 585 115
 708 103 330 844 938 399 471 486 618 569
 316 335 515 517 45 914 463 386 979 956
 702 445 691 132 764 627 13 437 142 760
 344 789 794 330 115 865 388 170 105 287
 435 349 207 679 282 450 928 351 824 888
 949 534 107 668 840 211 826 36 175 553
 309 414 230 219 260 758 486 910 25 852
 938 674 805 218 642 479 575 628 333 526
 270 167 805 238 834 582 826 593 195 414
 895 656 789 133 490 842 586 401 732 373
 888 209 105 837 281 920 578 677 288 259
 663 271 333 984 949 547 891 35 410 456
 947 438 149 58 322 681 108 99 243 285
 94 814 468 707 437 273 80 260 595 924
 741 141 659 229 725 359 32 458 334 68
 501 361 512 794 543 183 347 6 242 514
 413 112 235 697 673 603 633 16 981 181
 2 344 206 706 507 641 357 469 380 185
 437 3 144 862 98 608 982 374 424 33
 1 696 762 962 582 611 3 252 899 156
 735 997 896 244 496 113 125 66 343 720
 422 815 765 318 588 736 866 502 761 876
 691 260 965 407 632 493 823 886 386 811
 340 159 137 12 719 697 150 113 18 245
 8 175 954 741 517 316 88 286 867 34
 559 923 303 912 898 96 361 319 613 343
 188 283 168 791 507 37 814 625 569 19
 330 854 105 106 330 511 263 348 773 482
 808 426 365 601 455 141 88 639 302 673
 220 953 476 849 377 311 940 673 407 883
 694 738 937 782 28 860 832 909 139 383
 701 66 908 644 214 851 30 648 351 761
 592 656 832 577 585 666 77 754 801 853
 301