1000
 150 184 358 99 361 272 176 446 330 391
 133 82 248 480 149 331 124 91 292 389
 439 173 482 125 176 448 328 212 73 276
 407 360 35 49 471 196 339 171 465 256
 143 464 382 414 110 481 12 311 273 213
 369 402 364 117 451 2 103 395 11 189
 146 164 115 276 247 292 233 320 199 191
 378 161 97 261 13 265 143 29 335 12
 207 402 495 156 276 17 118 245 176 399
 344 197 272 277 487 398 439 153 441 49
 488 164 277 176 5 2 412 249 310 232
 112 104 9 169 451 358 200 140 204 399
 35 235 27 144 50 391 403 405 173 398
 286 146 417 191 472 22 124 488 346 469
 11 405 281 91 213 246 277 230 181 422
 90 163 409 171 392 175 153 202 84 280
 352 31 116 356 365 452 316 343 293 252
 229 328 58 430 403 190 457 408 253 313
 21 351 297 319 3 441 140 255 295 23
 210 246 496 208 444 422 323 281 71 176
 164 216 349 49 382 444 170 400 211 353
 288 262 24 475 66 52 103 81 466 70
 319 247 260 241 67 372 331 124 134 159
 45 182 176 225 258 35 289 451 313 151
 489 27 29 43 377 226 415 359 384 338
 444 200 225 60 124 257 29 403 200 74
 450 376 199 213 201 271 7 43 436 76
 428 172 266 31 401 393 156 26 424 453
 354 97 471 39 329 220 386 151 431 149
 305 410 293 386 396 47 468 170 255 34
 8 201 129 206 151 19 437 495 479 136
 233 158 199 365 47 265 43 30 44 101
 449 475 52 442 110 258 238 181 118 424
 111 124 171 23 277 47 68 213 312 98
 48 475 466 356 248 6 477 270 198 284
 69 296 59 341 169 186 218 305 164 206
 399 305 190 283 160 498 478 387 37 43
 414 394 43 451 282 336 45 432 32 60
 321 21 403 103 115 143 355 128 14 470
 104 127 300 432 495 206 291 359 397 38
 372 251 173 129 326 331 96 300 266 0
 468 332 238 369 484 187 23 481 388 478
 197 393 30 240 295 404 262 394 73 253
 158 299 390 485 397 183 316 438 379 257
 277 71 430 269 98 350 114 344 114 284
 114 381 344 271 48 479 111 50 489 405
 151 302 391 106 90 112 365 260 9 197
 13 161 138 120 402 398 263 37 328 87
 165 218 444 211 51 492 316 351 40 469
 23 215 210 393 237 142 31 457 362 322
 442 89 166 62 6 343 11 457 158 313
 195 416 252 320 377 119 349 18 243 61
 159 185 12 215 484 399 386 388 359 253
 327 304 62 411 50 171 468 94 308 116
 330 179 69 432 126 309 281 227 8 122
 297 419 156 82 484 202 325 134 268 106
 32 366 85 469 254 384 424 445 445 396
 308 307 195 80 456 203 287 97 382 96
 237 181 378 288 72 41 221 444 334 287
 210 200 206 409 228 51 120 361 6 400
 98 11 35 234 122 384 259 418 497 217
 386 240 452 269 35 373 382 95 472 219
 203 257 467 297 457 435 244 486 355 251
 49 43 243 152 235 188 188 96 132 133
 396 167 316 24 182 115 192 487 269 44
 226 431 6 112 301 321 37 210 486 122
 140 220 95 0 27 79 67 32 184 135
 498 275 126 86 487 30 332 185 184 467
 371 399 141 402 133 314 190 319 410 110
 384 228 464 297 451 418 441 280 88 415
 328 59 396 129 2 200 205 86 393 365
 120 432 156 81 337 381 286 200 285 223
 20 397 342 392 76 88 137 421 228 91
 428 359 445 72 215 367 435 12 337 217
 207 17 0 483 367 424 158 464 420 153
 112 294 317 313 57 117 464 477 50 125
 488 142 452 385 282 322 222 343 485 415
 414 30 44 77 405 261 444 357 407 321
 349 216 263 381 216 62 18 187 398 364
 104 11 58 115 335 313 74 63 27 70
 406 239 200 485 74 18 174 491 402 371
 72 488 424 123 14 335 223 269 1 301
 457 304 342 374 283 25 461 127 72 490
 346 76 411 103 302 134 28 286 166 483
 200 198 462 133 293 467 399 120 351 325
 200 56 86 184 56 261 146 4 491 8
 164 252 48 0 495 250 223 252 469 259
 147 217 139 79 320 126 298 45 261 434
 194 188 346 364 262 118 228 429 260 284
 390 241 403 34 25 447 209 406 89 329
 126 181 306 316 338 465 117 339 170 55
 114 98 391 87 402 301 197 270 494 113
 235 220 272 418 71 278 75 128 237 273
 412 325 115 159 210 456 38 445 329 272
 168 11 206 441 249 13 299 244 289 241
 97 157 215 406 312 367 143 424 91 8
 240 58 40 54 479 212 314 146 188 66
 187 263 405 361 474 394 22 293 62 316
 324 414 105 432 83 222 133 97 203 4
 318 426 78 111 288 55 112 371 221 483
 484
 568 949 807 982 231 17 925 622 771 138
 334 834 313 20 122 535 810 327 783 497
 314 509 235 854 685 607 503 873 710 523
 268 379 34 968 968 946 7 102 521 950
 337 264 620 874 659 261 148 93 34 182
 954 555 369 878 586 714 595 747 773 456
 447 635 426 516 158 988 683 972 386 364
 313 689 45 369 129 138 386 69 905 332
 215 419 131 389 678 920 462 203 286 392
 198 308 626 109 18 269 882 400 665 701
 34 453 445 761 563 317 762 955 985 563
 946 642 346 784 570 445 79 189 397 226
 47 93 304 265 894 999 305 245 239 588
 465 72 301 72 984 443 369 768 997 997
 725 58 19 806 601 483 585 366 906 812
 879 442 847 73 77 965 38 240 96 188
 245 474 671 204 929 945 399 231 900 898
 54 712 5 423 974 870 166 579 759 160
 871 888 327 225 53 40 620 353 743 416
 641 536 216 928 492 191 664 699 199 272
 67 697 761 567 215 776 291 603 246 458
 237 777 942 105 356 335 268 13 205 294
 99 787 837 824 640 977 706 339 34 563
 258 124 201 257 460 789 788 374 49 916
 645 368 171 452 685 648 228 185 872 65
 137 958 360 423 358 6 817 546 676 636
 515 828 420 840 329 559 504 880 780 456
 611 809 953 798 128 370 662 573 481 592
 203 300 338 667 417 492 398 752 29 970
 384 493 53 670 94 475 390 391 691 516
 500 524 700 949 480 553 181 905 624 353
 49 52 473 782 521 255 245 356 819 112
 852 42 687 555 76 377 691 987 985 280
 428 308 407 251 145 934 203 387 462 900
 82 469 223 48 820 85 93 485 156 60
 576 523 901 526 878 271 546 794 345 110
 818 630 859 681 7 778 471 990 459 360
 413 524 528 29 127 345 897 684 111 519
 958 544 243 403 776 843 826 813 577 734
 51 335 367 193 332 293 361 130 442 90
 726 650 606 984 479 882 166 594 486 408
 554 552 402 758 296 492 883 511 934 516
 805 43 262 206 643 410 611 36 134 170
 961 495 566 604 802 387 407 418 600 675
 513 526 479 651 53 912 117 278 437 506
 44 165 833 25 800 807 395 993 218 527
 64 292 519 718 213 228 531 637 408 415
 971 966 817 608 589 216 202 882 622 726
 688 471 836 96 156 455 996 308 518 698
 52 717 615 26 131 9 188 9 673 745
 626 875 713 158 191 633 531 583 951 186
 971 308 360 151 775 271 966 8 149 451
 282 116 633 887 88 942 683 429 451 804
 53 108 431 436 671 873 970 652 567 909
 473 236 118 876 912 745 388 448 311 598
 242 428 147 131 407 752 912 737 831 265
 857 483 187 659 9 325 459 358 742 58
 655 933 200 325 245 593 478 846 587 671
 654 723 325 339 172 963 54 227 798 318
 633 757 754 704 27 940 293 494 301 149
 629 226 861 741 666 882 249 714 791 276
 184 31 435 375 70 274 381 910 523 88
 971 451 582 346 913 787 269 517 240 629
 516 111 934 64 418 72 238 105 772 943
 530 771 522 241 714 503 801 822 901 779
 218 86 808 594 279 839 296 512 335 536
 948 600 136 927 623 81 610 521 200 842
 552 202 761 527 422 545 169 180 386 540
 995 89 827 53 131 602 769 381 733 306
 607 406 559 617 948 564 456 727 577 70
 944 487 540 508 499 142 776 659 555 444
 960 623 21 408 505 354 722 254 62 532
 742 541 506 865 60 697 168 916 113 6
 158 423 409 136 607 192 618 889 26 469
 706 265 53 861 309 731 55 257 718 638
 662 281 792 371 65 153 865 55 828 296
 182 473 513 876 911 58 212 812 312 723
 609 310 292 140 28 741 334 674 702 834
 642 8 55 869 662 963 743 743 195 199
 865 701 127 662 13 720 246 548 210 636
 487 639 953 738 341 548 530 344 702 70
 702 477 404 389 615 408 198 33 799 201
 21 829 716 523 430 295 240 738 728 108
 667 960 212 236 806 704 14 433 942 933
 9 818 86 903 240 311 924 274 456 752
 503 616 796 57 324 802 322 130 954 776
 323 815 552 867 477 17 771 71 886 436
 749 243 208 377 1 699 608 737 369 327
 192 17 734 690 973 906 816 743 834 398
 236 988 698 982 357 53 409 722 844 491
 327 300 687 785 671 998 961 143 399 602
 798 835 630 564 787 229 50 603 523 622
 212 391 458 617 555 630 145 179 858 353
 592 654 42 124 901 898 280 803 315 74
 291 983 971 776 246 302 305 584 982 401
 458 7 149 617 945 314 609 630 61 600
 398 463 982 308 857 872 417 431 849 582
 638 525 64 253 351 871 587 265 627 282
 552 258 168 26 682 818 773 290 304 154
 221 965 273 632 98 10 347 452 990 788
 652