500
 205 131 326 258 87 451 86 269 321 268
 11 87 34 17 162 118 28 483 223 481
 286 454 382 181 111 341 366 230 286 190
 427 318 488 130 82 445 416 353 148 68
 121 223 99 397 339 400 29 332 206 81
 272 393 217 370 310 314 107 36 485 309
 332 410 204 398 6 334 96 259 73 292
 141 156 186 92 277 124 122 230 422 427
 438 51 426 122 459 207 497 390 227 297
 482 334 92 1 301 308 362 208 223 401
 191 268 216 156 482 318 375 418 297 129
 417 17 92 322 378 130 486 346 460 181
 256 76 480 43 191 53 222 162 13 410
 105 245 72 405 379 266 102 47 224 292
 28 432 147 139 340 268 108 123 199 437
 126 60 131 295 335 455 148 281 232 163
 297 258 214 306 68 53 39 85 356 331
 16 62 300 207 237 484 343 300 141 42
 186 356 114 423 79 453 373 251 375 475
 171 372 228 406 26 252 112 389 260 126
 362 287 365 455 390 183 17 387 29 194
 129 319 138 21 180 112 227 87 164 412
 65 254 205 466 434 384 310 247 119 65
 375 162 136 340 479 471 351 264 433 55
 277 172 218 495 248 112 33 24 316 6
 492 297 119 384 3 325 320 54 60 369
 341 308 339 112 96 293 151 320 106 304
 409 22 326 262 264 449 29 36 499 331
 325 355 66 71 295 116 280 69 493 335
 161 59 365 428 419 443 68 84 36 134
 317 378 280 106 19 282 338 379 17 57
 379 59 438 147 3 372 261 405 5 371
 388 448 310 395 223 339 37 126 376 475
 105 130 439 278 4 106 448 148 42 229
 374 313 317 277 432 173 468 280 224 119
 400 113 347 404 463 387 38 414 319 38
 144 318 471 409 319 454 243 290 38 88
 444 296 173 466 220 109 470 304 63 488
 278 422 365 275 296 272 37 172 204 318
 375 41 157 220 20 279 200 116 194 211
 481 153 455 38 374 141 39 124 28 376
 485 407 435 443 8 295 112 145 230 496
 278 48 296 314 61 13 496 493 266 258
 368 5 310 472 395 204 467 189 446 431
 89 486 345 215 204 319 1 159 497 439
 414 377 267 155 118 394 94 290 439 492
 422 297 318 270 288 207 448 347 11 484
 348 428 209 415 67 458 340 378 109 280
 476 429 398 325 468 133 396 254 128 212
 258 177 140 193 99 7 265 51 37 211
 111
 815 741 777 319 251 275 946 304 467 361
 223 223 633 909 278 639 662 825 132 386
 279 21 650 721 270 419 873 647 72 366
 704 224 692 521 462 897 392 529 514 822
 719 441 614 534 20 235 670 290 188 963
 607 250 479 856 247 460 125 710 592 378
 951 928 722 110 305 628 155 786 342 781
 401 10 258 217 52 869 401 779 218 552
 205 917 522 181 589 591 450 420 705 427
 248 700 789 124 886 94 20 762 984 132
 91 651 710 17 134 483 999 357 746 87
 868 996 126 909 122 775 558 938 944 244
 814 511 133 282 539 413 214 496 489 143
 7 836 527 100 267 796 49 671 716 389
 596 534 691 652 676 398 400 630 491 790
 666 733 276 770 377 672 284 93 683 74
 448 356 122 367 140 640 451 475 75 367
 713 423 564 987 138 983 308 29 825 736
 240 699 752 810 365 930 58 552 722 191
 253 386 655 432 64 360 597 151 806 452
 985 907 180 586 895 233 388 442 187 491
 967 93 879 753 107 555 977 6 531 975
 453 366 85 5 525 163 683 942 206 370
 183 479 422 668 957 247 356 164 823 557
 504 767 994 975 4 423 6 548 50 280
 45 368 20 568 655 20 438 166 818 239
 52 271 239 153 110 454 814 590 556 235
 182 12 418 160 443 651 35 80 918 880
 306 867 238 330 523 918 28 896 297 243
 212 560 668 376 988 483 534 949 32 136
 5 657 870 753 326 778 99 529 922 368
 354 919 596 630 973 741 656 576 700 65
 842 356 579 995 511 511 726 109 530 483
 775 524 979 623 975 87 515 719 990 309
 805 113 722 113 815 441 97 908 388 117
 759 48 803 210 587 356 971 422 247 205
 131 359 569 261 364 431 268 916 486 570
 381 555 363 31 970 663 812 652 946 538
 46 7 574 421 135 681 374 607 935 218
 52 763 183 804 711 385 350 417 713 401
 436 940 395 577 331 407 753 918 663 322
 803 257 77 493 428 358 344 415 141 193
 920 225 94 27 14 779 340 619 575 124
 175 73 751 269 604 498 5 574 836 552
 698 683 4 856 294 733 858 567 624 597
 391 563 919 503 350 754 798 679 110 962
 149 256 43 21 315 602 91 627 879 377
 42 179 702 406 313 319 475 220 202 521
 194 608 208 437 643 434 830 220 159 670
 923 908 333 611 21 729 519 946 338 981
 888