250
 300 63 80 241 140 51 451 215 113 195
 472 333 251 293 16 303 143 204 70 319
 496 469 136 409 20 217 373 450 490 371
 423 16 386 326 379 393 327 172 5 393
 93 66 391 121 166 240 43 272 203 35
 299 70 397 295 477 247 164 193 388 265
 209 115 28 341 103 413 268 90 68 40
 51 230 165 308 435 53 57 412 358 411
 116 68 21 5 55 52 81 386 428 75
 250 438 382 34 462 329 253 31 327 296
 107 427 389 424 125 433 35 494 383 217
 275 421 63 397 191 387 311 420 54 64
 316 44 313 263 457 399 28 69 155 427
 297 138 250 56 277 419 441 416 442 466
 295 205 441 143 234 417 386 333 247 407
 9 286 91 238 52 280 357 158 342 261
 418 326 265 446 444 218 440 416 94 9
 296 176 412 273 273 132 72 401 113 104
 252 419 21 475 311 77 131 355 174 374
 335 388 173 193 172 474 363 164 61 338
 159 255 106 311 456 342 29 254 478 183
 445 498 487 307 289 206 299 201 356 74
 424 166 403 124 32 192 220 267 171 100
 78 440 328 416 446 274 153 48 76 223
 240 91 196 493 152 423 165 355 236 317
 411
 634 424 954 580 476 892 326 785 220 813
 853 142 932 353 978 367 986 133 293 340
 57 621 421 172 312 174 901 914 904 319
 209 367 875 396 309 530 373 518 539 546
 802 155 699 299 640 759 774 201 264 822
 285 371 686 117 446 368 868 89 827 641
 672 635 26 714 526 830 643 435 889 152
 934 190 508 730 783 807 781 807 677 653
 762 560 579 652 687 665 677 961 23 288
 809 384 715 680 81 41 713 349 903 333
 845 535 771 421 882 889 79 977 837 545
 361 611 366 550 43 564 49 981 488 233
 600 731 789 444 743 258 22 60 847 256
 725 408 86 592 265 151 887 876 83 594
 92 160 577 250 232 68 190 473 755 125
 486 324 379 325 211 419 631 491 914 954
 45 713 730 708 765 596 43 752 863 526
 353 614 295 131 365 651 229 842 869 944
 993 356 142 307 754 299 260 874 457 607
 556 519 68 859 30 908 773 279 7 234
 348 47 855 66 5 7 120 8 201 205
 591 878 659 22 366 650 960 625 961 60
 186 600 878 608 27 306 844 178 583 495
 55 915 525 243 740 506 200 769 397 165
 803 286 712 790 160 793 43 351 307 161
 788