250
 211 353 288 262 24 475 66 52 103 81
 466 70 319 247 260 241 67 372 331 124
 134 159 45 182 176 225 258 35 289 451
 313 151 489 27 29 43 377 226 415 359
 384 338 444 200 225 60 124 257 29 403
 200 74 450 376 199 213 201 271 7 43
 436 76 428 172 266 31 401 393 156 26
 424 453 354 97 471 39 329 220 386 151
 431 149 305 410 293 386 396 47 468 170
 255 34 8 201 129 206 151 19 437 495
 479 136 233 158 199 365 47 265 43 30
 44 101 449 475 52 442 110 258 238 181
 118 424 111 124 171 23 277 47 68 213
 312 98 48 475 466 356 248 6 477 270
 198 284 69 296 59 341 169 186 218 305
 164 206 399 305 190 283 160 498 478 387
 37 43 414 394 43 451 282 336 45 432
 32 60 321 21 403 103 115 143 355 128
 14 470 104 127 300 432 495 206 291 359
 397 38 372 251 173 129 326 331 96 300
 266 0 468 332 238 369 484 187 23 481
 388 478 197 393 30 240 295 404 262 394
 73 253 158 299 390 485 397 183 316 438
 379 257 277 71 430 269 98 350 114 344
 114 284 114 381 344 271 48 479 111 50
 489
 811 302 604 783 212 180 224 730 520 18
 394 27 322 276 240 805 796 526 75 656
 174 331 437 889 423 103 985 632 703 80
 939 46 430 421 786 475 284 62 914 724
 644 885 179 333 124 12 686 22 914 316
 627 391 832 505 640 754 239 699 37 487
 123 319 370 25 431 969 799 772 776 718
 506 654 608 125 822 101 342 936 189 616
 232 661 358 138 865 252 619 563 454 16
 245 594 839 312 164 969 404 650 268 536
 213 64 732 171 938 508 768 849 890 890
 792 617 615 390 161 912 407 575 194 765
 193 475 363 757 577 145 83 443 889 668
 574 421 401 412 818 456 102 240 722 12
 801 196 23 71 469 244 769 519 836 994
 434 772 481 904 539 71 746 765 191 944
 438 406 515 935 595 915 871 488 973 710
 502 98 87 486 305 471 377 376 192 265
 266 793 335 633 49 365 231 385 974 539
 89 452 862 12 224 602 643 75 421 972
 245 280 440 191 0 55 159 135 64 368
 271 997 551 253 172 975 60 664 371 368
 934 743 798 283 804 266 628 380 639 820
 220 768 457 928 594 902 836 883 561 177
 831 656 118 792 259 5 400 410 172 787
 731