1000
 428 46 429 254 39 165 419 75 14 398
 225 316 83 162 177 224 187 2 68 183
 374 26 161 72 196 202 278 114 397 72
 174 492 470 46 414 303 12 192 110 269
 320 93 88 170 265 105 205 108 329 439
 269 211 188 379 346 470 33 394 196 157
 23 227 162 266 216 367 297 48 401 450
 155 400 179 441 290 331 207 21 279 381
 165 379 471 30 166 28 148 11 41 266
 286 123 77 337 236 4 290 56 228 320
 207 478 145 431 184 343 174 180 117 421
 88 380 431 280 293 202 80 262 447 3
 487 152 116 348 71 76 63 148 95 144
 259 401 133 432 130 100 434 393 471 164
 420 222 400 291 319 97 271 186 332 130
 277 180 489 264 168 145 14 174 133 31
 210 310 457 325 21 147 127 379 454 236
 177 430 158 264 173 71 489 116 287 118
 134 252 324 481 22 147 362 356 26 388
 126 300 63 80 241 140 51 451 215 113
 195 472 333 251 293 16 303 143 204 70
 319 496 469 136 409 20 217 373 450 490
 371 423 16 386 326 379 393 327 172 5
 393 93 66 391 121 166 240 43 272 203
 35 299 70 397 295 477 247 164 193 388
 265 209 115 28 341 103 413 268 90 68
 40 51 230 165 308 435 53 57 412 358
 411 116 68 21 5 55 52 81 386 428
 75 250 438 382 34 462 329 253 31 327
 296 107 427 389 424 125 433 35 494 383
 217 275 421 63 397 191 387 311 420 54
 64 316 44 313 263 457 399 28 69 155
 427 297 138 250 56 277 419 441 416 442
 466 295 205 441 143 234 417 386 333 247
 407 9 286 91 238 52 280 357 158 342
 261 418 326 265 446 444 218 440 416 94
 9 296 176 412 273 273 132 72 401 113
 104 252 419 21 475 311 77 131 355 174
 374 335 388 173 193 172 474 363 164 61
 338 159 255 106 311 456 342 29 254 478
 183 445 498 487 307 289 206 299 201 356
 74 424 166 403 124 32 192 220 267 171
 100 78 440 328 416 446 274 153 48 76
 223 240 91 196 493 152 423 165 355 236
 317 411 317 212 477 290 238 446 163 392
 110 406 426 71 466 176 489 183 493 66
 146 170 28 310 210 86 156 87 450 457
 452 159 104 183 437 198 154 265 186 259
 269 273 401 77 349 149 320 379 387 100
 132 411 142 185 343 58 223 184 434 44
 413 320 336 317 13 357 263 415 321 217
 444 76 467 95 254 365 391 403 390 403
 338 326 381 280 289 326 343 332 338 480
 11 144 404 192 357 340 40 20 356 174
 451 166 422 267 385 210 441 444 39 488
 418 272 180 305 183 275 21 282 24 490
 244 116 300 365 394 222 371 129 11 30
 423 128 362 204 43 296 132 75 443 438
 41 297 46 80 288 125 116 34 95 236
 377 62 243 162 189 162 105 209 315 245
 457 477 22 356 365 354 382 298 21 376
 431 263 176 307 147 65 182 325 114 421
 434 472 496 178 71 153 377 149 130 437
 228 303 278 259 34 429 15 454 386 139
 3 117 174 23 427 33 2 3 60 4
 100 102 295 439 329 11 183 325 480 312
 480 30 93 300 439 304 13 153 422 89
 291 247 27 457 262 121 370 253 100 384
 198 82 401 143 356 395 80 396 21 175
 153 80 394 375 247 313 229 304 198 319
 485 310 100 173 131 94 279 72 67 188
 83 197 51 165 214 446 75 180 365 343
 334 430 426 201 395 235 444 464 1 223
 223 296 104 262 433 55 421 436 387 236
 63 470 467 341 60 101 402 207 321 403
 68 55 10 50 107 444 149 97 239 324
 442 487 86 233 453 312 44 204 384 232
 466 210 54 415 37 294 263 21 169 146
 256 386 479 19 284 128 487 376 188 377
 263 66 17 363 260 495 427 139 262 168
 413 440 141 265 261 441 281 52 184 330
 174 90 30 322 296 20 300 189 104 110
 420 249 253 205 204 325 141 304 159 63
 360 274 381 113 158 83 49 71 351 495
 172 190 493 427 301 21 406 98 195 5
 277 172 179 340 424 450 166 64 298 18
 422 146 372 39 159 343 302 458 459 165
 470 196 180 21 354 277 456 485 61 125
 487 21 470 134 125 444 325 386 84 405
 106 338 436 51 212 397 29 95 220 20
 297 220 57 84 327 293 487 382 371 210
 155 496 411 7 381 178 351 140 63 188
 298 277 234 248 343 2 100 377 482 32
 158 432 158 1 226 204 240 345 344 268
 436 108 348 448 87 181 24 440 223 269
 405 277 139 154 14 23 363 29 187 258
 157 287 23 104 451 290 260 245 431 93
 246 318 160 438 145 405 330 91 126 335
 194 364 357 211 67 78 54 237 180 56
 169 453 341 325 266 64 450 81 307 98
 383
 459 630 975 209 592 181 667 529 74 787
 738 101 340 661 46 982 472 900 612 272
 745 234 500 289 805 747 465 580 28 947
 266 643 899 827 775 709 857 152 490 812
 532 6 214 135 491 896 340 725 670 811
 370 290 436 880 777 757 765 688 491 404
 48 786 859 568 42 745 997 567 283 222
 596 470 233 587 884 916 917 700 38 207
 203 892 873 155 172 481 941 203 404 201
 389 143 445 339 296 346 193 630 617 129
 830 184 453 159 164 703 833 746 636 423
 438 489 26 439 280 234 203 205 689 84
 265 569 43 829 959 833 974 141 934 250
 268 247 204 16 57 204 359 441 870 497
 444 765 32 724 97 585 120 279 777 382
 157 142 201 22 707 966 493 715 944 638
 952 179 138 697 697 689 637 890 651 425
 550 961 254 409 597 674 41 401 360 311
 105 498 939 673 339 914 428 866 326 922
 879 412 859 347 48 692 651 142 56 419
 467 659 153 200 51 492 280 46 927 363
 341 629 454 685 550 508 320 416 327 213
 832 250 562 899 267 127 508 878 24 255
 220 516 483 997 428 354 684 15 39 138
 596 995 649 194 925 802 48 140 750 724
 62 883 66 797 633 312 249 959 130 177
 233 538 325 259 87 900 744 548 554 869
 405 741 814 433 696 795 837 322 856 463
 199 242 637 792 939 127 870 972 127 374
 633 198 393 244 360 89 51 30 514 708
 573 200 435 479 495 139 155 451 344 330
 12 674 443 129 20 56 388 308 791 929
 204 70 307 791 728 712 631 604 371 83
 443 643 736 376 546 402 892 595 545 747
 531 322 523 304 552 804 180 557 885 961
 468 291 985 594 85 973 784 35 208 214
 669 315 396 242 688 876 70 547 3 554
 112 989 583 468 909 258 580 505 359 509
 467 934 992 869 527 196 281 587 907 899
 341 281 783 130 267 485 255 911 613 563
 18 289 255 284 381 408 529 656 27 557
 57 998 854 636 647 843 292 51 427 15
 735 584 832 980 471 737 537 103 194 462
 343 854 848 123 801 840 825 597 105 700
 273 967 370 11 708 740 908 254 903 836
 636 568 315 408 174 94 262 550 868 74
 981 240 483 725 464 126 633 319 214 893
 9 895 539 312 135 762 119 634 767 243
 824 334 560 407 146 554 130 108 414 862
 661 742 70 949 146 747 842 443 663 801
 984 984 106 40 203 651 497 615 504 8
 363 80 251 623 313 284 769 186 713 325
 567 392 555 688 913 986 656 983 86 315
 630 179 723 632 988 355 738 139 302 903
 494 369 317 908 54 737 701 252 429 416
 619 442 646 941 313 480 456 664 700 43
 863 493 395 306 272 301 431 398 672 776
 0 481 16 488 796 75 46 931 651 399
 144 525 476 35 879 39 354 501 210 725
 848 688 529 13 169 967 401 349 493 788
 433 732 490 123 156 58 745 847 827 153
 256 755 372 119 127 288 161 769 702 48
 154 153 881 417 1 979 375 573 547 737
 763 171 264 304 693 914 531 440 6 72
 320 658 977 148 698 496 641 374 329 419
 671 374 967 643 44 454 349 52 249 951
 147 28 761 685 379 20 699 124 122 205
 615 645 45 749 331 691 438 418 764 172
 76 474 107 295 945 229 212 570 368 373
 410 340 967 874 202 627 759 385 766 686
 59 615 98 82 831 827 955 460 323 566
 436 955 342 785 492 255 800 45 973 456
 903 71 277 259 320 597 616 752 513 558
 437 539 562 973 292 807 287 404 278 494
 424 492 990 758 540 722 175 44 351 703
 618 995 733 595 860 5 742 933 48 109
 760 399 365 724 290 985 840 778 295 100
 298 551 25 779 692 54 701 785 52 365
 561 288 175 167 270 258 448 236 963 390
 882 379 16 638 745 410 583 876 865 327
 256 383 652 471 521 669 918 829 858 627
 604 356 473 844 940 239 185 352 175 20
 237 15 343 266 760 152 166 189 785 867
 440 675 604 613 165 571 355 615 837 787
 910 68 222 252 198 650 462 809 216 48
 380 958 834 266 586 104 729 603 512 974
 141 153 667 142 8 457 888 318 495 323
 705 772 276 422 107 803 128 503 236 240
 776 335 574 176 311 569 908 901 94 197
 601 20 169 599 153 907 522 861 358 596
 694 592 683 170 727 684 631 912 987 300
 381 824 309 451 354 576 542 200 396 793
 48 621 616 110 515 796 5 99 303 965
 393 376 699 85 526 687 320 169 968 301
 530 486 202 217 642 763 214 557 293 769
 640 125 958 428 118 958 888 802 570 33
 812 790 295 577 847 314 119 754 419 301
 343 875 615 374 5 580 965 152 730 852
 163 885 146 539 138 230 967 111 137 627
 852 599 460 907 26 185 758 980 222 279
 25