250
 215 287 93 357 110 496 421 267 128 31
 253 344 35 303 262 295 84 160 292 415
 181 19 436 358 235 167 173 54 106 69
 103 38 292 445 474 124 366 320 429 285
 53 157 379 339 9 25 379 37 122 240
 84 439 434 14 497 434 41 199 216 190
 394 449 421 277 317 301 53 174 35 475
 184 264 392 363 147 24 467 438 363 212
 169 58 465 384 436 461 358 377 473 301
 457 403 295 91 131 331 341 370 136 58
 331 174 158 238 347 70 56 315 161 309
 32 206 262 369 354 469 3 353 310 473
 429 171 499 445 108 60 357 250 274 48
 40 295 293 151 365 123 151 349 120 70
 130 345 208 186 148 164 360 311 57 52
 202 319 78 243 131 26 104 219 300 136
 64 441 471 115 102 481 29 74 464 139
 294 409 85 50 119 118 26 122 66 200
 158 200 459 448 473 165 11 498 255 399
 8 365 421 167 252 424 391 483 398 476
 18 62 157 237 199 232 21 71 260 494
 101 248 428 189 344 244 277 169 307 117
 50 194 101 11 84 264 230 419 287 481
 111 287 161 489 405 449 446 457 446 214
 103 433 293 124 95 436 45 83 344 463
 346
 749 870 4 475 516 725 888 508 457 735
 856 827 767 86 255 471 2 482 521 673
 463 708 894 266 729 278 727 323 556 441
 531 40 834 288 927 467 429 652 896 977
 850 921 498 620 107 424 989 439 519 686
 942 203 780 14 776 112 320 622 911 935
 374 801 817 893 167 914 401 755 922 831
 716 630 922 94 105 237 974 456 707 542
 485 417 435 465 230 727 886 250 133 175
 947 899 210 495 589 347 194 49 53 476
 120 403 0 602 869 147 878 509 687 851
 651 211 771 244 298 310 771 563 718 510
 561 691 26 592 10 774 16 179 798 420
 910 896 381 971 82 876 354 79 242 649
 768 628 661 760 675 795 965 951 626 867
 327 563 174 608 203 843 268 391 85 563
 339 444 789 108 547 742 397 914 414 542
 588 12 363 706 170 639 697 438 969 235
 180 323 556 290 690 130 427 457 462 173
 126 976 310 943 952 963 937 6 138 25
 84 350 66 857 681 119 159 537 888 750
 761 722 417 734 570 135 716 242 450 967
 178 743 211 636 262 825 765 28 337 640
 370 680 696 269 89 105 914 850 24 727
 760 668 524 710 544 399 738 35 594 554
 915