250
 64 114 438 429 290 97 45 412 218 249
 181 453 424 145 478 198 163 433 141 275
 473 321 81 127 486 18 428 45 145 135
 325 286 46 380 205 131 326 258 87 451
 86 269 321 268 11 87 34 17 162 118
 28 483 223 481 286 454 382 181 111 341
 366 230 286 190 427 318 488 130 82 445
 416 353 148 68 121 223 99 397 339 400
 29 332 206 81 272 393 217 370 310 314
 107 36 485 309 332 410 204 398 6 334
 96 259 73 292 141 156 186 92 277 124
 122 230 422 427 438 51 426 122 459 207
 497 390 227 297 482 334 92 1 301 308
 362 208 223 401 191 268 216 156 482 318
 375 418 297 129 417 17 92 322 378 130
 486 346 460 181 256 76 480 43 191 53
 222 162 13 410 105 245 72 405 379 266
 102 47 224 292 28 432 147 139 340 268
 108 123 199 437 126 60 131 295 335 455
 148 281 232 163 297 258 214 306 68 53
 39 85 356 331 16 62 300 207 237 484
 343 300 141 42 186 356 114 423 79 453
 373 251 375 475 171 372 228 406 26 252
 112 389 260 126 362 287 365 455 390 183
 17 387 29 194 129 319 138 21 180 112
 227
 174 329 824 131 509 410 933 869 769 620
 495 239 131 750 324 272 680 959 942 703
 529 866 110 555 344 436 991 497 224 67
 49 633 12 984 594 239 769 7 650 640
 108 120 739 683 617 678 225 192 587 303
 641 213 609 819 45 652 524 528 899 58
 73 999 663 651 711 132 142 590 232 561
 139 987 670 323 119 731 857 839 886 137
 169 73 268 635 757 560 213 39 565 676
 759 34 115 759 118 876 294 6 744 522
 811 11 743 777 896 621 790 447 678 75
 253 752 951 210 261 878 557 9 212 896
 297 85 459 748 626 634 554 864 347 936
 560 448 238 800 227 695 808 926 775 76
 829 639 76 288 636 943 819 638 909 486
 581 76 177 888 592 346 933 441 218 940
 609 126 977 557 845 730 551 593 544 75
 345 409 637 751 82 314 440 41 559 401
 233 388 422 963 306 910 77 748 283 79
 248 57 752 971 815 871 886 17 591 225
 291 461 993 556 97 592 628 123 26 992
 986 533 516 737 11 621 944 791 408 935
 379 893 862 178 972 690 430 409 638 3
 319 994 878 828 754 535 310 237 789 189
 580 879 984 845 595 636 540 577 414 896
 695