500
 193 194 106 200 64 177 490 96 169 182
 211 193 311 333 57 30 443 54 369 400
 127 495 219 442 241 47 390 204 277 236
 74 479 384 204 390 33 245 87 55 429
 460 65 140 358 23 185 199 88 390 326
 145 426 398 70 315 389 464 53 263 267
 219 415 489 375 58 258 255 433 382 293
 99 104 233 471 314 2 258 57 208 267
 74 100 34 143 140 286 424 136 235 198
 198 95 39 308 230 336 104 80 455 237
 411 1 362 383 35 219 80 69 491 104
 163 486 153 379 392 448 349 62 479 305
 333 191 344 219 41 191 276 47 224 158
 245 8 139 189 97 264 454 423 5 234
 412 195 250 327 387 25 344 276 363 415
 383 148 65 281 410 74 280 18 372 293
 238 497 387 432 309 259 116 317 370 27
 257 17 74 371 189 381 280 407 252 482
 428 274 444 46 288 428 460 102 88 422
 290 485 357 11 20 395 312 196 189 229
 364 56 277 78 232 264 388 493 211 122
 168 373 21 449 418 483 262 246 180 440
 192 422 382 203 163 102 343 295 149 223
 242 445 351 487 205 104 98 433 50 282
 332 63 483 449 0 70 363 136 212 425
 142 294 278 136 44 106 401 164 268 16
 78 380 451 354 482 120 8 28 144 344
 88 318 466 242 77 486 20 399 29 32
 164 285 35 295 91 212 348 20 471 409
 224 443 289 465 344 204 381 292 57 354
 51 165 422 469 199 235 243 309 284 158
 167 257 258 22 457 231 193 489 478 351
 222 345 66 382 313 6 218 71 380 172
 394 397 165 57 432 194 85 52 143 217
 174 103 339 141 225 464 175 412 444 474
 267 53 334 420 105 413 18 87 276 154
 207 115 109 130 379 243 455 12 426 469
 337 402 109 321 239 287 314 166 263 135
 83 402 119 417 291 413 296 97 207 447
 328 394 66 245 421 293 200 366 186 444
 104 52 418 140 460 289 338 144 129 331
 135 166 492 474 273 445 17 205 228 473
 219 74 29 161 340 54 49 121 142 47
 407 234 353 218 136 40 130 297 462 370
 70 329 114 362 179 16 229 167 34 250
 180 256 397 271 91 173 3 121 257 206
 56 117 348 336 301 316 8 490 90 1
 172 103 353 253 320 178 234 190 92 218
 1 72 431 49 304 491 187 212 16 0
 348 381 481 291 305 1 126 449 78 367
 498
 896 244 496 113 125 66 343 720 422 815
 765 318 588 736 866 502 761 876 691 260
 965 407 632 493 823 886 386 811 340 159
 137 12 719 697 150 113 18 245 8 175
 954 741 517 316 88 286 867 34 559 923
 303 912 898 96 361 319 613 343 188 283
 168 791 507 37 814 625 569 19 330 854
 105 106 330 511 263 348 773 482 808 426
 365 601 455 141 88 639 302 673 220 953
 476 849 377 311 940 673 407 883 694 738
 937 782 28 860 832 909 139 383 701 66
 908 644 214 851 30 648 351 761 592 656
 832 577 585 666 77 754 801 853 301 595
 257 237 417 951 463 325 989 487 519 724
 849 126 528 516 762 714 982 958 638 483
 650 594 267 519 342 632 236 560 866 144
 141 438 574 181 867 249 559 38 555 806
 3 136 511 388 187 861 330 320 5 340
 582 199 823 444 416 184 261 96 652 769
 789 763 954 133 198 590 591 910 50 365
 668 362 734 593 380 664 18 670 677 190
 451 669 192 68 780 770 515 786 520 456
 105 702 523 224 903 773 261 442 398 900
 780 935 115 491 575 535 500 913 698 744
 528 666 207 680 905 601 63 123 211 756
 451 561 384 843 94 439 302 131 787 282
 321 686 130 587 980 824 700 710 89 426
 103 74 702 133 162 65 0 350 530 964
 173 81 363 201 402 820 777 127 959 563
 615 223 964 597 477 703 999 662 490 689
 642 56 197 787 978 347 383 161 874 751
 958 567 368 126 350 111 137 194 146 30
 33 977 407 754 740 100 907 229 972 945
 796 777 260 408 99 939 301 66 819 790
 556 628 967 652 619 720 452 615 883 300
 514 203 969 758 248 731 916 930 858 261
 645 798 525 252 695 995 316 255 182 975
 874 477 290 452 290 27 25 366 825 383
 182 528 451 746 412 938 561 482 676 668
 462 678 227 300 660 165 49 643 405 305
 54 184 554 574 788 848 663 530 281 444
 81 42 342 319 269 910 671 778 118 857
 752 178 605 424 911 885 526 521 187 675
 224 982 54 308 772 772 357 25 624 515
 787 403 806 638 771 183 188 115 186 184
 883 365 854 854 633 862 761 474 643 232
 986 303 827 461 657 38 997 170 117 772
 36 830 213 163 974 568 806 441 228 621
 619 727 637 336 355 115 961 272 924 489
 84 893 149 352 613 493 127 119 520 222
 486