750
 264 257 228 6 337 427 281 270 92 486
 267 277 383 369 423 213 57 326 0 400
 353 9 10 342 241 308 419 329 288 61
 432 71 86 434 483 329 403 84 426 33
 109 313 320 318 409 395 350 285 55 478
 377 119 84 346 170 385 431 288 340 222
 158 299 37 411 375 299 386 319 22 285
 285 112 263 40 378 407 419 206 14 323
 125 161 123 320 68 129 99 298 451 0
 332 111 316 234 310 206 74 491 86 403
 63 126 187 286 249 67 154 4 485 59
 200 138 453 226 416 144 242 349 443 204
 111 448 6 260 186 237 83 340 224 108
 404 34 214 303 206 495 467 163 398 406
 263 268 342 295 321 449 39 461 245 107
 401 229 386 302 408 90 499 163 318 457
 141 141 174 234 65 58 411 224 439 340
 279 248 105 194 142 180 277 232 323 106
 41 291 481 390 171 402 199 35 173 440
 414 440 210 226 390 164 311 162 30 244
 424 7 6 392 359 118 48 386 343 400
 15 298 337 231 350 10 179 270 389 4
 63 318 357 99 20 365 184 325 316 371
 90 414 128 180 417 231 251 200 128 394
 247 125 482 273 290 49 288 184 7 305
 144 147 381 402 207 157 356 355 397 18
 18 372 386 285 241 186 270 108 35 151
 186 433 331 311 12 472 258 499 22 9
 149 482 199 440 161 315 483 18 197 412
 57 222 474 327 154 127 81 358 71 179
 462 89 431 203 418 256 229 74 400 11
 169 107 18 269 348 473 67 406 494 243
 494 176 60 121 45 126 462 127 354 322
 343 424 137 41 321 398 260 115 452 264
 197 469 179 3 389 188 146 204 138 18
 283 393 158 121 107 421 103 452 288 383
 464 240 198 460 404 207 91 88 344 408
 128 421 375 367 293 412 57 236 60 492
 447 459 333 316 388 124 466 426 319 258
 87 151 377 95 345 58 144 247 461 347
 58 190 338 440 443 400 350 477 7 290
 339 459 304 56 212 121 126 294 409 477
 254 313 167 13 454 305 208 323 217 306
 454 68 198 426 320 139 466 220 334 482
 201 446 206 1 419 301 169 127 457 180
 288 321 218 229 248 429 278 226 421 55
 107 151 494 250 94 125 374 72 342 141
 366 152 213 20 282 67 267 138 484 11
 7 272 178 422 128 70 201 433 430 318
 114 209 399 341 92 94 4 168 477 322
 489 98 204 313 317 47 138 248 265 475
 479 422 329 61 150 213 492 216 479 169
 454 33 423 424 287 163 320 382 183 496
 420 282 481 475 429 323 253 404 344 417
 309 68 296 196 242 311 107 192 30 276
 259 55 254 436 11 397 297 313 190 194
 178 198 485 81 252 390 141 308 280 237
 420 466 223 188 105 163 129 436 252 263
 156 195 466 192 215 174 438 20 38 269
 336 459 262 334 240 366 377 164 189 266
 282 4 478 199 194 461 416 52 69 375
 91 22 207 385 266 405 172 207 429 485
 31 397 265 96 254 229 194 212 356 453
 13 254 237 21 278 283 283 393 440 433
 143 32 362 442 232 172 352 122 209 203
 62 28 25 456 14 492 409 13 142 105
 65 300 35 24 293 287 464 479 59 305
 444 302 216 331 311 316 183 450 74 423
 180 383 315 407 497 468 291 192 112 288
 124 351 89 321 35 371 167 67 475 239
 461 191 444 266 55 345 325 397 379 354
 242 11 38 303 192 220 80 119 341 111
 243 439 62 428 213 144 261 378 463 469
 81 153 47 314 361 489 226 330 125 284
 495 426 429 457 274 435 176 348 48 270
 350
 336 352 760 537 837 932 359 260 883 560
 770 101 508 377 659 99 934 516 720 913
 575 569 388 654 439 790 200 245 94 257
 735 656 548 452 548 920 328 575 247 688
 54 96 285 502 847 86 647 411 355 936
 206 431 587 800 322 752 777 411 867 19
 269 674 797 954 809 669 841 43 814 947
 575 56 482 353 409 859 556 954 992 323
 13 396 957 92 529 631 70 372 356 706
 699 540 321 808 705 281 847 546 441 392
 697 76 783 356 795 273 842 679 619 680
 935 959 15 373 63 611 483 469 659 624
 749 757 234 48 488 788 474 740 718 599
 386 138 603 365 68 448 243 531 979 381
 815 910 338 387 825 131 177 100 134 473
 281 7 109 420 636 853 791 41 567 819
 981 767 46 363 457 813 537 353 741 9
 766 133 757 224 522 574 950 510 651 447
 480 998 956 874 947 289 231 101 104 884
 861 390 270 86 76 820 619 675 666 423
 598 887 539 302 757 483 413 921 921 699
 910 385 353 610 209 973 325 1 275 353
 326 441 26 957 934 197 314 706 187 156
 507 844 184 227 567 13 300 155 436 519
 427 176 776 889 37 263 901 704 359 195
 66 187 787 942 113 263 866 548 775 129
 701 506 332 751 736 214 768 199 991 404
 737 863 98 444 544 255 211 571 793 605
 77 796 456 993 73 83 126 972 315 433
 264 174 398 347 711 309 122 993 955 736
 984 247 883 889 457 829 566 178 822 339
 648 814 771 655 29 843 247 244 185 220
 782 693 213 296 772 588 872 89 650 139
 134 44 874 517 975 176 208 867 959 265
 606 867 397 12 768 332 306 578 665 897
 655 774 917 272 523 659 635 562 594 603
 29 336 82 682 578 913 286 555 559 533
 735 943 553 946 529 876 740 569 278 457
 102 468 638 457 470 917 809 467 438 950
 380 647 864 925 753 524 35 803 883 303
 116 620 502 26 135 745 392 802 554 812
 494 792 102 728 192 644 504 535 85 389
 978 393 968 137 844 403 825 515 747 876
 531 264 451 321 290 405 727 718 242 972
 953 305 580 541 848 848 127 493 476 367
 211 468 510 908 191 215 727 276 99 695
 774 116 96 834 884 427 432 418 357 49
 412 267 437 391 629 988 220 535 384 320
 243 804 775 594 751 238 357 503 535 205
 639 627 446 702 506 533 730 938 399 333
 718 627 236 950 109 228 751 368 130 98
 666 721 154 826 563 987 971 217 176 839
 452 477 968 574 602 997 782 822 552 88
 570 74 651 117 829 284 921 476 966 894
 149 176 637 83 75 876 790 652 610 412
 642 436 359 949 878 702 784 734 735 750
 217 137 534 598 817 582 477 457 468 398
 603 113 746 215 530 219 407 296 146 257
 711 318 675 828 371 444 269 657 375 892
 596 971 792 462 653 357 792 145 861 473
 670 443 590 532 17 784 527 847 139 866
 749 972 130 706 471 660 655 100 680 863
 519 685 654 281 274 931 368 181 293 36
 369 770 881 147 461 421 916 22 101 137
 788 786 859 391 160 726 75 372 402 327
 821 914 325 905 191 487 358 511 443 761
 336 388 258 192 432 866 543 499 645 652
 215 928 684 40 503 780 855 195 618 10
 381 314 594 727 386 960 646 151 125 634
 585 800 173 201 421 162 745 620 64 181
 612 384 944 923 855 239 477 687 568 939
 804 454 37 320 782 813 898 689 198 241
 376 659 856 357 148 994 367 766 714 220
 596 783 519 132 863 653 226 657 85 152
 146 708 944 123 731 532 334 958 650 933
 711