100
 72 101 395 135 67 324 145 315 455 456
 465 204 394 477 227 297 16 399 302 234
 200 424 364 29 182 226 40 256 168 355
 423 362 318 280 367 301 308 103 416 483
 257 8 65 310 303 77 144 57 163 498
 22 205 485 11 310 3 493 433 457 114
 396 464 68 180 20 247 118 419 165 217
 170 259 31 80 10 435 123 371 179 210
 64 349 348 445 353 114 127 326 123 252
 20 294 162 367 168 363 26 315 429 190
 187
 587 905 784 908 209 507 253 604 551 105
 988 304 111 599 713 584 983 249 81 747
 403 577 996 982 244 302 536 352 55 514
 551 258 495 830 689 733 152 424 623 139
 560 361 726 267 703 598 270 885 251 890
 385 883 250 303 396 863 355 32 207 542
 206 279 568 890 736 21 622 610 746 8
 856 135 142 829 857 908 892 739 322 410
 932 343 941 136 390 825 557 364 121 2
 98 935 130 646 223 279 606 476 429 406
 674