250
 379 213 390 126 407 412 463 159 8 316
 496 258 395 385 428 354 200 241 490 247
 90 446 13 269 330 224 463 111 41 186
 285 497 283 172 27 244 446 23 108 498
 398 435 183 343 462 143 370 43 311 97
 445 311 43 140 27 79 63 98 232 371
 53 141 267 412 224 357 264 145 115 189
 192 70 236 380 59 402 86 285 160 173
 138 102 114 196 154 300 172 459 328 255
 23 434 179 156 228 15 109 281 225 296
 164 406 311 311 248 395 303 461 132 429
 407 90 147 403 340 430 149 324 398 239
 137 491 21 392 202 77 179 9 259 311
 376 177 66 134 176 70 121 336 57 65
 18 273 0 330 480 308 274 427 457 150
 229 346 132 372 458 473 355 187 445 67
 370 362 316 264 323 27 335 446 320 45
 25 76 190 299 70 216 62 188 98 46
 335 452 56 52 201 276 163 451 496 53
 422 67 185 123 271 355 198 97 269 400
 497 258 268 189 269 30 414 201 55 111
 89 302 404 60 210 456 270 441 91 474
 493 115 88 305 359 139 359 458 218 461
 172 120 279 49 0 106 278 441 87 425
 98 94 405 370 377 386 447 12 183 96
 158
 117 573 463 19 128 63 651 402 813 493
 454 748 395 277 56 898 573 229 644 338
 968 277 755 533 625 555 210 984 797 360
 678 176 69 132 240 338 821 899 684 705
 982 906 882 17 763 760 396 791 741 381
 539 7 113 975 253 463 764 587 110 756
 610 654 982 727 992 353 125 435 745 904
 748 456 871 835 911 887 728 16 767 654
 496 370 20 891 381 69 748 922 774 657
 445 968 873 832 396 725 471 103 736 255
 35 529 211 913 773 260 730 911 63 337
 467 276 362 923 254 996 438 559 704 512
 35 527 328 431 46 79 55 329 138 328
 450 388 127 109 180 114 715 822 284 11
 388 962 607 192 877 907 178 553 665 544
 528 399 177 826 918 863 783 970 816 702
 533 367 670 251 86 828 229 991 529 750
 166 885 863 676 669 24 17 862 532 570
 102 504 649 535 805 596 769 351 52 279
 932 250 413 411 374 867 40 432 921 324
 309 765 789 644 505 250 539 850 148 197
 447 342 555 482 482 299 378 163 26 644
 383 647 69 846 698 667 193 800 118 530
 20 646 485 125 566 970 323 37 909 293
 126 605 982 481 615 636 61 313 354 404
 426