250
 418 272 180 305 183 275 21 282 24 490
 244 116 300 365 394 222 371 129 11 30
 423 128 362 204 43 296 132 75 443 438
 41 297 46 80 288 125 116 34 95 236
 377 62 243 162 189 162 105 209 315 245
 457 477 22 356 365 354 382 298 21 376
 431 263 176 307 147 65 182 325 114 421
 434 472 496 178 71 153 377 149 130 437
 228 303 278 259 34 429 15 454 386 139
 3 117 174 23 427 33 2 3 60 4
 100 102 295 439 329 11 183 325 480 312
 480 30 93 300 439 304 13 153 422 89
 291 247 27 457 262 121 370 253 100 384
 198 82 401 143 356 395 80 396 21 175
 153 80 394 375 247 313 229 304 198 319
 485 310 100 173 131 94 279 72 67 188
 83 197 51 165 214 446 75 180 365 343
 334 430 426 201 395 235 444 464 1 223
 223 296 104 262 433 55 421 436 387 236
 63 470 467 341 60 101 402 207 321 403
 68 55 10 50 107 444 149 97 239 324
 442 487 86 233 453 312 44 204 384 232
 466 210 54 415 37 294 263 21 169 146
 256 386 479 19 284 128 487 376 188 377
 263 66 17 363 260 495 427 139 262 168
 413
 880 282 531 522 882 562 104 368 660 348
 180 61 644 592 40 601 378 209 221 840
 499 506 410 408 650 282 608 319 126 721
 548 763 226 316 166 99 142 702 991 344
 381 987 854 602 42 812 197 391 11 554
 345 358 680 849 901 332 128 597 36 845
 293 745 79 318 687 605 917 919 330 940
 393 360 43 709 554 912 970 122 251 975
 43 941 268 250 889 650 772 169 811 213
 676 873 102 425 794 59 190 441 40 595
 441 115 168 655 586 975 765 743 421 311
 993 822 15 763 356 702 281 127 377 597
 554 468 497 687 5 201 754 964 64 316
 864 317 3 453 408 481 691 688 536 873
 216 697 897 174 363 49 881 447 539 811
 554 279 308 29 47 727 58 374 517 314
 574 47 209 902 580 521 490 863 187 493
 637 321 876 291 811 661 182 253 671 389
 728 714 423 134 157 109 474 361 112 338
 907 682 650 532 129 900 163 615 197 767
 459 630 975 209 592 181 667 529 74 787
 738 101 340 661 46 982 472 900 612 272
 745 234 500 289 805 747 465 580 28 947
 266 643 899 827 775 709 857 152 490 812
 532 6 214 135 491 896 340 725 670 811
 370