750
 190 270 47 377 286 499 122 432 317 196
 196 218 70 295 73 413 309 476 340 272
 281 323 494 476 445 329 71 50 441 464
 285 112 181 123 466 253 234 116 89 177
 408 153 373 324 58 4 226 260 404 134
 11 148 328 341 395 334 405 294 266 278
 59 463 271 45 154 408 246 84 2 324
 397 485 107 226 47 260 385 316 215 366
 106 205 370 26 277 139 384 342 203 490
 368 273 475 287 14 378 135 367 276 87
 355 164 499 5 203 178 380 325 23 421
 164 351 480 94 314 215 379 134 254 96
 468 247 185 187 327 129 5 214 140 245
 305 81 131 374 8 37 272 454 243 158
 410 361 330 3 281 476 321 379 272 366
 227 229 321 73 264 426 389 90 352 460
 335 149 474 358 250 208 384 337 179 172
 359 68 206 250 159 22 498 364 143 6
 233 261 373 300 424 327 489 116 296 130
 248 493 11 351 430 371 129 6 214 397
 246 138 371 111 492 141 186 410 319 146
 234 58 352 460 476 162 86 71 324 227
 251 329 217 113 369 306 308 127 329 433
 371 313 54 87 18 120 406 210 12 129
 184 399 487 374 352 276 69 273 469 464
 247 74 101 367 69 282 469 320 486 333
 260 6 294 157 3 367 409 95 364 232
 356 496 137 178 312 223 297 256 279 234
 431 263 484 50 81 127 286 373 218 133
 420 268 162 18 430 383 454 52 291 30
 305 219 266 61 274 484 235 224 387 441
 43 95 416 418 496 371 148 336 126 205
 468 461 137 456 359 460 81 380 170 335
 64 29 271 419 253 320 205 329 95 114
 41 493 143 6 53 259 293 309 144 12
 116 345 392 63 184 208 25 196 265 268
 276 230 293 146 42 113 116 150 79 284
 67 403 190 458 420 137 223 277 50 151
 480 101 445 222 366 300 392 327 146 82
 350 418 118 356 147 429 78 62 47 376
 115 299 455 129 2 407 352 272 92 204
 45 340 190 28 161 210 488 453 406 124
 284 448 223 20 353 56 371 464 362 483
 451 383 287 129 18 68 271 357 225 409
 450 469 120 380 337 318 147 121 495 108
 421 376 298 241 219 10 13 283 142 20
 229 298 498 287 446 343 297 52 225 458
 412 482 283 19 386 478 184 333 380 158
 6 380 373 372 101 305 409 472 113 410
 243 159 236 253 141 462 43 159 498 307
 450 457 22 200 76 361 214 114 172 162
 158 154 415 45 97 226 141 249 173 290
 152 236 465 430 373 92 184 72 5 222
 0 114 74 307 482 95 314 216 265 468
 247 434 164 280 470 237 261 19 463 164
 23 424 14 269 81 403 54 252 331 99
 6 465 125 203 204 449 33 356 267 217
 358 238 493 361 65 346 162 177 367 342
 147 224 324 385 468 9 197 324 354 51
 466 345 487 17 55 380 438 82 315 440
 396 353 56 307 73 340 328 181 107 435
 146 199 235 338 120 39 361 252 90 176
 233 265 315 463 247 451 359 202 91 379
 278 146 289 78 25 465 21 382 73 233
 104 411 419 48 58 77 279 13 404 390
 36 15 136 1 384 284 435 171 346 105
 25 341 411 380 392 298 80 277 372 402
 0 464 472 450 281 342 142 249 89 327
 244 443 380 425 420 46 339 396 45 280
 499 78 456 77 348 43 245 179 9 494
 308 12 188 377 232 491 361 367 224 335
 78 309 322 262 425 263 142 396 257 206
 481 395 489 75 304 449 193 368 306 411
 278 171 200 66 103 489 123 262 1 264
 155 108 9 193 237 119 125 483 452 382
 106
 95 915 373 459 368 109 182 741 254 955
 466 476 119 883 945 19 279 821 218 526
 506 485 860 256 671 125 427 615 120 381
 743 129 905 201 460 78 631 663 597 746
 160 381 883 67 549 840 362 40 247 662
 2 887 782 308 187 764 225 23 421 902
 306 390 745 963 465 914 223 885 388 616
 524 325 48 583 970 779 889 739 592 280
 973 925 558 583 928 762 722 315 496 89
 982 760 221 965 749 303 623 285 653 122
 264 598 557 181 560 701 708 270 208 804
 181 795 262 695 626 490 613 534 795 976
 525 392 423 160 291 47 632 134 193 16
 501 464 460 856 84 102 304 683 2 175
 328 188 432 490 876 903 23 45 257 682
 598 560 523 711 98 688 807 248 533 130
 892 228 295 398 951 38 194 851 182 8
 609 400 705 272 919 424 673 28 334 709
 86 451 683 464 893 27 118 267 236 385
 228 865 605 506 419 512 906 262 627 231
 741 624 117 556 571 498 858 279 527 109
 147 380 841 271 677 753 427 357 851 494
 405 441 707 503 937 131 336 160 412 836
 421 704 3 528 79 385 20 453 994 531
 872 140 16 110 504 821 804 244 195 945
 651 316 875 272 524 131 483 884 878 999
 226 477 429 289 669 562 198 704 629 12
 469 440 261 178 335 136 892 324 749 546
 258 873 61 544 264 713 842 514 744 204
 619 109 739 651 112 139 567 400 161 223
 19 553 807 915 787 774 69 862 128 810
 906 527 763 816 175 265 631 260 534 568
 839 199 317 912 385 340 588 110 612 274
 857 800 118 530 613 419 302 750 473 895
 379 673 64 598 550 720 899 296 265 375
 759 682 364 645 560 344 688 872 470 904
 724 655 203 346 321 935 763 444 310 968
 905 642 872 778 495 46 835 355 898 152
 634 901 323 292 239 147 624 159 86 412
 88 626 994 228 605 79 40 404 322 511
 793 592 258 951 5 304 762 312 513 866
 86 948 666 246 90 661 99 318 106 601
 201 504 403 893 422 801 49 500 22 46
 485 834 920 952 510 741 847 358 263 60
 499 561 810 994 756 469 952 58 396 121
 140 393 261 903 614 830 515 904 61 643
 839 414 480 761 456 354 928 269 416 819
 141 544 804 469 336 555 261 753 150 666
 828 346 641 154 483 107 228 170 437 706
 330 24 755 903 95 384 955 105 473 259
 191 42 231 827 941 105 920 436 609 218
 147 335 623 728 743 106 277 409 49 441
 68 42 400 848 675 69 701 448 36 151
 127 338 478 178 428 985 546 998 544 542
 904 979 699 880 701 171 252 969 933 830
 697 757 175 882 950 614 880 219 85 746
 469 62 102 486 511 150 73 928 724 391
 754 231 755 516 255 905 483 31 680 264
 539 789 216 196 834 421 800 172 867 760
 94 110 485 692 403 596 144 905 241 363
 772 225 376 514 538 966 948 990 10 717
 345 762 317 640 520 121 420 400 998 308
 348 412 795 649 402 41 829 531 830 128
 975 974 678 241 230 8 958 963 83 313
 239 400 27 173 524 417 464 111 240 148
 320 34 954 56 916 463 489 384 547 662
 53 679 179 113 19 750 784 825 974 433
 406 185 362 195 317 740 259 881 890 370
 241 786 283 905 534 149 989 789 670 789
 29 607 544 296 372 941 307 23 620 980
 947 992 252 655 753 336 21 672 466 935
 998 587 425 867 598 923 724 109 294 380
 74 917 571 189 458 951 602 633 57 650
 574 635 749 829 342 268 44 517 600 761
 774 714 384 809 205 824 397 298 799 592
 716