500
 41 266 286 123 77 337 236 4 290 56
 228 320 207 478 145 431 184 343 174 180
 117 421 88 380 431 280 293 202 80 262
 447 3 487 152 116 348 71 76 63 148
 95 144 259 401 133 432 130 100 434 393
 471 164 420 222 400 291 319 97 271 186
 332 130 277 180 489 264 168 145 14 174
 133 31 210 310 457 325 21 147 127 379
 454 236 177 430 158 264 173 71 489 116
 287 118 134 252 324 481 22 147 362 356
 26 388 126 300 63 80 241 140 51 451
 215 113 195 472 333 251 293 16 303 143
 204 70 319 496 469 136 409 20 217 373
 450 490 371 423 16 386 326 379 393 327
 172 5 393 93 66 391 121 166 240 43
 272 203 35 299 70 397 295 477 247 164
 193 388 265 209 115 28 341 103 413 268
 90 68 40 51 230 165 308 435 53 57
 412 358 411 116 68 21 5 55 52 81
 386 428 75 250 438 382 34 462 329 253
 31 327 296 107 427 389 424 125 433 35
 494 383 217 275 421 63 397 191 387 311
 420 54 64 316 44 313 263 457 399 28
 69 155 427 297 138 250 56 277 419 441
 416 442 466 295 205 441 143 234 417 386
 333 247 407 9 286 91 238 52 280 357
 158 342 261 418 326 265 446 444 218 440
 416 94 9 296 176 412 273 273 132 72
 401 113 104 252 419 21 475 311 77 131
 355 174 374 335 388 173 193 172 474 363
 164 61 338 159 255 106 311 456 342 29
 254 478 183 445 498 487 307 289 206 299
 201 356 74 424 166 403 124 32 192 220
 267 171 100 78 440 328 416 446 274 153
 48 76 223 240 91 196 493 152 423 165
 355 236 317 411 317 212 477 290 238 446
 163 392 110 406 426 71 466 176 489 183
 493 66 146 170 28 310 210 86 156 87
 450 457 452 159 104 183 437 198 154 265
 186 259 269 273 401 77 349 149 320 379
 387 100 132 411 142 185 343 58 223 184
 434 44 413 320 336 317 13 357 263 415
 321 217 444 76 467 95 254 365 391 403
 390 403 338 326 381 280 289 326 343 332
 338 480 11 144 404 192 357 340 40 20
 356 174 451 166 422 267 385 210 441 444
 39 488 418 272 180 305 183 275 21 282
 24 490 244 116 300 365 394 222 371 129
 11 30 423 128 362 204 43 296 132 75
 443 438 41 297 46 80 288 125 116 34
 95
 473 755 125 486 324 379 325 211 419 631
 491 914 954 45 713 730 708 765 596 43
 752 863 526 353 614 295 131 365 651 229
 842 869 944 993 356 142 307 754 299 260
 874 457 607 556 519 68 859 30 908 773
 279 7 234 348 47 855 66 5 7 120
 8 201 205 591 878 659 22 366 650 960
 625 961 60 186 600 878 608 27 306 844
 178 583 495 55 915 525 243 740 506 200
 769 397 165 803 286 712 790 160 793 43
 351 307 161 788 750 494 627 458 609 397
 639 971 621 201 346 263 188 558 144 134
 377 167 394 103 330 429 892 151 361 731
 687 668 860 852 402 790 471 889 928 2
 446 446 593 209 525 867 111 843 873 774
 472 126 941 934 683 120 203 805 414 642
 807 137 110 21 100 215 889 299 195 478
 649 885 975 172 467 906 624 88 408 769
 464 932 421 108 831 74 589 527 43 338
 293 513 773 959 39 569 256 974 752 376
 755 526 132 34 726 520 991 855 278 524
 336 826 880 282 531 522 882 562 104 368
 660 348 180 61 644 592 40 601 378 209
 221 840 499 506 410 408 650 282 608 319
 126 721 548 763 226 316 166 99 142 702
 991 344 381 987 854 602 42 812 197 391
 11 554 345 358 680 849 901 332 128 597
 36 845 293 745 79 318 687 605 917 919
 330 940 393 360 43 709 554 912 970 122
 251 975 43 941 268 250 889 650 772 169
 811 213 676 873 102 425 794 59 190 441
 40 595 441 115 168 655 586 975 765 743
 421 311 993 822 15 763 356 702 281 127
 377 597 554 468 497 687 5 201 754 964
 64 316 864 317 3 453 408 481 691 688
 536 873 216 697 897 174 363 49 881 447
 539 811 554 279 308 29 47 727 58 374
 517 314 574 47 209 902 580 521 490 863
 187 493 637 321 876 291 811 661 182 253
 671 389 728 714 423 134 157 109 474 361
 112 338 907 682 650 532 129 900 163 615
 197 767 459 630 975 209 592 181 667 529
 74 787 738 101 340 661 46 982 472 900
 612 272 745 234 500 289 805 747 465 580
 28 947 266 643 899 827 775 709 857 152
 490 812 532 6 214 135 491 896 340 725
 670 811 370 290 436 880 777 757 765 688
 491 404 48 786 859 568 42 745 997 567
 283 222 596 470 233 587 884 916 917 700
 38 207 203 892 873 155 172 481 941 203
 404