250
 7 498 349 400 311 98 411 393 138 409
 162 358 240 413 444 280 171 349 73 336
 468 87 154 314 227 143 42 228 251 367
 481 49 314 404 488 125 340 267 431 259
 349 179 483 306 217 138 483 322 184 440
 147 254 209 411 240 158 268 332 384 495
 329 368 388 272 31 215 88 110 190 242
 338 31 280 294 444 246 213 495 7 249
 308 17 235 149 413 405 248 375 312 255
 355 372 231 125 403 395 490 69 49 317
 80 98 244 329 426 204 485 202 60 131
 18 133 448 422 407 379 439 272 15 111
 373 419 410 341 392 492 61 200 183 370
 140 31 88 407 363 260 485 328 270 284
 83 321 271 217 273 67 363 11 444 302
 323 192 157 163 189 364 112 10 178 187
 13 73 218 392 460 207 470 441 9 200
 51 246 309 146 430 180 19 291 22 240
 204 330 234 90 0 376 50 310 84 252
 165 475 477 171 188 126 101 411 18 8
 245 110 115 470 279 420 98 43 354 423
 269 470 283 142 486 1 27 459 256 442
 261 370 187 61 453 246 290 455 263 469
 105 341 400 77 86 132 163 224 374 222
 64 59 477 468 438 285 367 213 142 498
 141
 271 935 149 190 264 948 583 408 401 979
 351 458 177 579 80 967 279 729 99 187
 561 371 645 387 389 212 401 128 354 980
 193 339 365 423 387 622 667 115 61 887
 109 739 801 254 991 438 885 483 95 780
 409 555 472 149 958 769 408 780 66 490
 175 110 859 920 130 281 716 47 370 399
 177 780 653 291 852 797 141 631 778 928
 106 526 534 438 830 978 751 116 516 511
 867 765 586 198 208 466 942 628 5 517
 115 416 534 149 201 68 286 281 573 849
 273 470 397 396 191 79 616 460 672 209
 161 910 474 823 3 725 767 70 438 161
 138 983 208 326 972 306 759 785 897 699
 124 958 610 667 383 688 438 82 382 552
 94 449 316 490 16 278 379 194 529 909
 847 11 468 825 390 500 654 775 50 689
 552 726 830 767 297 131 563 821 148 560
 37 745 587 476 994 775 865 619 518 232
 635 740 54 515 34 148 743 378 762 560
 815 504 964 856 548 888 92 577 856 921
 205 177 844 580 970 714 23 40 790 624
 392 379 459 729 112 555 157 464 528 777
 986 423 244 337 747 42 899 837 967 524
 492 361 881 384 845 765 406 326 204 687
 591