1000
 412 57 222 474 327 154 127 81 358 71
 179 462 89 431 203 418 256 229 74 400
 11 169 107 18 269 348 473 67 406 494
 243 494 176 60 121 45 126 462 127 354
 322 343 424 137 41 321 398 260 115 452
 264 197 469 179 3 389 188 146 204 138
 18 283 393 158 121 107 421 103 452 288
 383 464 240 198 460 404 207 91 88 344
 408 128 421 375 367 293 412 57 236 60
 492 447 459 333 316 388 124 466 426 319
 258 87 151 377 95 345 58 144 247 461
 347 58 190 338 440 443 400 350 477 7
 290 339 459 304 56 212 121 126 294 409
 477 254 313 167 13 454 305 208 323 217
 306 454 68 198 426 320 139 466 220 334
 482 201 446 206 1 419 301 169 127 457
 180 288 321 218 229 248 429 278 226 421
 55 107 151 494 250 94 125 374 72 342
 141 366 152 213 20 282 67 267 138 484
 11 7 272 178 422 128 70 201 433 430
 318 114 209 399 341 92 94 4 168 477
 322 489 98 204 313 317 47 138 248 265
 475 479 422 329 61 150 213 492 216 479
 169 454 33 423 424 287 163 320 382 183
 496 420 282 481 475 429 323 253 404 344
 417 309 68 296 196 242 311 107 192 30
 276 259 55 254 436 11 397 297 313 190
 194 178 198 485 81 252 390 141 308 280
 237 420 466 223 188 105 163 129 436 252
 263 156 195 466 192 215 174 438 20 38
 269 336 459 262 334 240 366 377 164 189
 266 282 4 478 199 194 461 416 52 69
 375 91 22 207 385 266 405 172 207 429
 485 31 397 265 96 254 229 194 212 356
 453 13 254 237 21 278 283 283 393 440
 433 143 32 362 442 232 172 352 122 209
 203 62 28 25 456 14 492 409 13 142
 105 65 300 35 24 293 287 464 479 59
 305 444 302 216 331 311 316 183 450 74
 423 180 383 315 407 497 468 291 192 112
 288 124 351 89 321 35 371 167 67 475
 239 461 191 444 266 55 345 325 397 379
 354 242 11 38 303 192 220 80 119 341
 111 243 439 62 428 213 144 261 378 463
 469 81 153 47 314 361 489 226 330 125
 284 495 426 429 457 274 435 176 348 48
 270 350 168 176 380 268 418 466 179 130
 441 280 385 50 254 188 329 49 467 258
 360 456 287 284 194 327 219 395 100 122
 47 128 367 328 274 226 274 460 164 287
 123 344 27 48 142 251 423 43 323 205
 177 468 103 215 293 400 161 376 388 205
 433 9 134 337 398 477 404 334 420 21
 407 473 287 28 241 176 204 429 278 477
 496 161 6 198 478 46 264 315 35 186
 178 353 349 270 160 404 352 140 423 273
 220 196 348 38 391 178 397 136 421 339
 309 340 467 479 7 186 31 305 241 234
 329 312 374 378 117 24 244 394 237 370
 359 299 193 69 301 182 34 224 121 265
 489 190 407 455 169 193 412 65 88 50
 67 236 140 3 54 210 318 426 395 20
 283 409 490 383 23 181 228 406 268 176
 370 4 383 66 378 112 261 287 475 255
 325 223 240 499 478 437 473 144 115 50
 52 442 430 195 135 43 38 410 309 337
 333 211 299 443 269 151 378 241 206 460
 460 349 455 192 176 305 104 486 162 0
 137 176 163 220 13 478 467 98 157 353
 93 78 253 422 92 113 283 6 150 77
 218 259 213 88 388 444 18 131 450 352
 179 97 33 93 393 471 56 131 433 274
 387 64 350 253 166 375 368 107 384 99
 495 202 368 431 49 222 272 127 105 285
 396 302 38 398 228 496 36 41 63 486
 157 216 132 87 199 173 355 154 61 496
 477 368 492 123 441 444 228 414 283 89
 411 169 324 407 385 327 14 421 123 122
 92 110 391 346 106 148 386 294 436 44
 325 69 67 22 437 258 487 88 104 433
 479 132 303 433 198 6 384 166 153 289
 332 448 327 387 458 136 261 329 317 281
 297 301 14 168 41 341 289 456 143 277
 279 266 367 471 276 473 264 438 370 284
 139 228 51 234 319 228 235 458 404 233
 219 475 190 323 432 462 376 262 17 401
 441 151 58 310 251 13 67 372 196 401
 277 406 247 396 51 364 96 322 252 267
 42 194 489 196 484 68 422 201 412 257
 373 438 265 132 225 160 145 202 363 359
 121 486 476 152 290 270 424 424 63 246
 238 183 105 234 255 454 95 107 363 138
 49 347 387 58 48 417 442 213 216 209
 178 24 206 133 218 195 314 494 110 267
 192 160 121 402 387 297 375 119 178 251
 267 102 319 313 223 351 253 266 365 469
 199 166 359 313 118 475 54 114 375 184
 65 49 333 360 77 413 281 493 485 108
 88 419 226 238 484 287 301 498 391 411
 276 44 285 37 325 58 414 142 460 238
 483
 894 149 176 637 83 75 876 790 652 610
 412 642 436 359 949 878 702 784 734 735
 750 217 137 534 598 817 582 477 457 468
 398 603 113 746 215 530 219 407 296 146
 257 711 318 675 828 371 444 269 657 375
 892 596 971 792 462 653 357 792 145 861
 473 670 443 590 532 17 784 527 847 139
 866 749 972 130 706 471 660 655 100 680
 863 519 685 654 281 274 931 368 181 293
 36 369 770 881 147 461 421 916 22 101
 137 788 786 859 391 160 726 75 372 402
 327 821 914 325 905 191 487 358 511 443
 761 336 388 258 192 432 866 543 499 645
 652 215 928 684 40 503 780 855 195 618
 10 381 314 594 727 386 960 646 151 125
 634 585 800 173 201 421 162 745 620 64
 181 612 384 944 923 855 239 477 687 568
 939 804 454 37 320 782 813 898 689 198
 241 376 659 856 357 148 994 367 766 714
 220 596 783 519 132 863 653 226 657 85
 152 146 708 944 123 731 532 334 958 650
 933 711 17 96 195 783 39 260 474 52
 480 957 491 353 442 138 465 950 623 482
 144 307 798 540 575 516 447 474 569 567
 639 719 652 396 955 235 919 180 644 862
 284 642 109 366 786 877 312 837 775 274
 994 38 616 21 183 287 36 20 185 800
 463 928 165 740 255 456 78 221 230 448
 201 482 909 533 451 494 331 524 609 3
 319 634 871 620 586 478 514 886 54 298
 655 324 901 740 989 744 332 452 0 185
 404 288 469 562 197 273 90 838 54 468
 495 527 151 107 653 83 884 878 30 211
 141 723 231 561 272 904 246 607 471 170
 740 187 550 643 780 903 982 970 516 544
 477 351 824 342 34 574 953 353 558 755
 740 951 236 294 114 888 799 913 20 196
 422 280 596 370 793 710 196 459 510 668
 729 558 684 198 263 17 312 474 547 691
 947 350 958 916 14 309 20 566 54 786
 16 517 553 955 975 834 252 272 520 927
 756 104 575 643 269 286 580 400 656 416
 229 22 179 649 786 434 856 526 524 388
 64 72 12 87 840 184 579 202 438 632
 136 94 10 732 333 448 600 560 87 195
 732 558 475 780 727 315 862 702 591 51
 279 669 449 860 629 787 966 890 109 782
 581 639 107 680 911 66 624 973 500 510
 962 608 840 45 10 710 60 841 983 184
 260 61 910 799 537 756 927 537 228 320
 186 216 924 213 766 689 181 274 437 828
 181 790 775 351 59 6 678 995 990 785
 230 429 162 391 616 961 66 443 124 66
 502 484 104 138 676 495 719 968 673 564
 10 338 256 824 647 838 446 525 276 799
 540 980 470 436 934 846 638 394 833 28
 143 670 147 942 486 18 519 583 875 179
 819 629 567 485 237 947 365 931 322 877
 869 537 347 327 244 489 965 684 730 508
 580 133 329 653 763 244 775 603 839 950
 106 739 846 6 862 480 412 759 426 780
 253 814 824 926 319 16 633 993 517 790
 771 857 709 401 483 980 495 181 893 26
 538 661 448 926 223 82 372 571 994 566
 345 54 488 893 46 217 996 796 870 366
 687 924 286 741 86 623 195 890 623 87
 281 55 158 126 197 464 743 106 282 534
 824 448 715 528 290 231 378 385 141 473
 761 118 804 173 571 320 347 277 204 229
 393 309 600 344 918 656 510 46 868 358
 313 457 30 219 563 451 592 329 813 623
 623 497 790 606 922 265 858 814 181 295
 806 681 861 299 649 797 479 274 982 43
 785 405 155 359 19 518 622 752 355 132
 268 352 141 242 672 115 131 36 547 0
 660 960 616 549 855 915 300 459 692 264
 745 917 946 711 374 891 134 741 724 633
 528 647 54 670 893 640 91 51 153 380
 598 140 433 124 377 196 92 670 904 113
 105 403 552 327 903 992 107 844 134 370
 246 542 711 397 195 539 800 995 516 537
 378 539 61 829 402 111 222 178 604 808
 120 421 912 541 882 182 948 986 231 177
 610 718 278 719 916 437 923 345 241 559
 98 1 212 556 883 175 850 197 189 811
 741 755 773 894 25 367 192 316 117 573
 463 19 128 63 651 402 813 493 454 748
 395 277 56 898 573 229 644 338 968 277
 755 533 625 555 210 984 797 360 678 176
 69 132 240 338 821 899 684 705 982 906
 882 17 763 760 396 791 741 381 539 7
 113 975 253 463 764 587 110 756 610 654
 982 727 992 353 125 435 745 904 748 456
 871 835 911 887 728 16 767 654 496 370
 20 891 381 69 748 922 774 657 445 968
 873 832 396 725 471 103 736 255 35 529
 211 913 773 260 730 911 63 337 467 276
 362 923 254 996 438 559 704 512 35 527
 328 431 46 79 55 329 138 328 450 388
 127 109 180 114 715 822 284 11 388 962
 607