500
 285 51 252 324 267 402 298 384 175 26
 139 466 125 206 205 187 433 20 216 460
 162 154 382 394 322 252 125 269 425 74
 98 223 171 277 241 241 149 189 81 13
 322 191 323 34 423 349 333 96 400 59
 265 10 323 242 62 283 485 161 18 454
 146 63 302 491 240 307 318 30 156 177
 202 213 107 218 3 374 263 482 194 94
 269 325 169 261 25 458 433 421 108 330
 307 370 155 159 263 337 386 215 0 273
 239 392 67 280 51 261 457 61 353 404
 396 434 353 492 427 486 491 331 280 349
 388 475 213 291 8 303 235 181 426 418
 27 181 486 167 480 44 20 19 411 345
 398 224 343 70 104 77 45 93 437 492
 448 235 176 37 489 127 242 184 101 468
 34 82 137 428 160 167 319 52 382 350
 295 321 395 444 440 496 93 495 141 81
 78 85 57 123 190 385 100 228 361 400
 13 447 138 477 30 413 8 233 274 242
 442 39 470 207 239 117 223 324 41 301
 91 45 444 432 467 449 37 49 40 307
 218 438 240 204 110 341 56 272 356 27
 457 404 462 75 180 158 444 409 442 32
 99 177 307 311 91 118 49 149 435 268
 391 316 322 83 385 328 418 490 69 88
 122 174 57 103 359 409 496 223 391 73
 492 112 0 374 59 2 7 259 443 263
 197 163 208 353 489 486 203 311 133 81
 450 328 357 336 331 246 447 33 133 485
 97 170 164 343 243 337 260 134 68 56
 274 152 171 179 326 234 359 386 247 114
 38 290 129 142 413 396 144 239 167 315
 260 0 394 308 483 137 110 372 178 473
 28 120 5 494 156 188 301 299 375 413
 111 368 473 231 269 331 438 267 253 215
 382 351 200 257 298 30 87 358 187 434
 55 49 309 100 406 362 242 405 456 123
 192 101 337 39 405 176 448 487 99 305
 291 303 67 51 403 348 90 142 91 288
 482 253 56 461 187 276 125 412 67 163
 472 313 280 44 368 156 177 240 305 381
 428 1 217 3 297 56 181 246 143 456
 121 420 114 368 107 359 220 344 43 387
 460 284 74 25 438 133 427 153 322 29
 78 357 5 22 230 160 108 317 82 255
 275 310 367 467 86 54 26 73 258 62
 129 360 380 337 246 445 341 428 352 444
 462 476 189 390 1 76 403 394 256 285
 237 233 246 258 75 478 373 424 368 285
 54
 398 448 917 493 171 817 495 875 169 145
 844 208 874 278 965 804 277 213 64 476
 517 603 34 981 967 654 439 406 688 113
 731 188 137 647 830 542 94 2 198 790
 834 91 245 957 624 745 602 977 578 765
 703 415 695 246 573 131 569 288 483 915
 119 407 756 460 980 683 539 601 390 290
 681 806 863 431 574 187 714 220 992 843
 534 257 63 506 688 71 607 525 590 168
 321 584 831 362 38 872 717 470 335 346
 108 212 139 206 76 584 891 948 248 732
 641 858 570 106 315 758 678 18 50 758
 74 244 480 168 879 869 28 995 868 82
 399 433 380 789 899 843 555 635 602 106
 349 70 951 368 528 784 726 294 49 935
 877 727 424 338 117 931 768 872 923 717
 754 947 602 915 806 591 182 262 663 682
 740 273 117 662 349 317 476 694 141 113
 630 322 618 65 412 525 738 709 938 7
 707 621 946 858 342 999 890 217 121 715
 501 549 97 80 590 586 302 730 246 303
 698 241 141 260 691 417 373 297 328 721
 622 115 104 405 639 156 487 262 52 209
 438 601 272 128 882 942 230 204 962 59
 148 929 279 588 819 170 101 239 236 52
 245 132 400 317 400 918 896 946 331 22
 996 510 798 16 731 842 335 504 848 783
 967 797 952 36 125 314 475 399 465 43
 143 520 989 202 497 857 379 689 489 554
 338 614 235 100 389 203 22 168 528 461
 839 575 962 223 575 323 978 810 899 893
 914 893 428 206 866 587 249 191 872 91
 166 688 926 693 749 870 4 475 516 725
 888 508 457 735 856 827 767 86 255 471
 2 482 521 673 463 708 894 266 729 278
 727 323 556 441 531 40 834 288 927 467
 429 652 896 977 850 921 498 620 107 424
 989 439 519 686 942 203 780 14 776 112
 320 622 911 935 374 801 817 893 167 914
 401 755 922 831 716 630 922 94 105 237
 974 456 707 542 485 417 435 465 230 727
 886 250 133 175 947 899 210 495 589 347
 194 49 53 476 120 403 0 602 869 147
 878 509 687 851 651 211 771 244 298 310
 771 563 718 510 561 691 26 592 10 774
 16 179 798 420 910 896 381 971 82 876
 354 79 242 649 768 628 661 760 675 795
 965 951 626 867 327 563 174 608 203 843
 268 391 85 563 339 444 789 108 547 742
 397 914 414 542 588 12 363 706 170 639
 697