250
 381 188 386 453 200 376 418 278 492 83
 287 6 42 398 419 258 423 289 66 90
 470 265 124 280 281 245 371 422 320 470
 316 42 52 174 191 387 248 339 316 208
 270 379 142 143 175 346 19 336 52 369
 494 127 30 381 210 89 455 306 165 7
 75 216 457 493 205 158 106 293 244 239
 361 80 98 29 414 412 449 11 244 317
 216 252 332 133 400 370 278 454 293 408
 335 472 289 175 324 82 57 348 184 52
 318 483 181 110 33 42 67 423 110 218
 234 3 265 18 485 60 352 259 87 23
 63 101 191 411 64 181 359 443 102 35
 198 241 406 202 298 330 228 29 390 489
 163 161 201 370 133 61 15 30 169 405
 404 329 328 9 247 365 87 366 327 291
 490 121 267 110 35 168 36 178 1 77
 99 171 112 246 385 403 366 473 78 30
 408 6 337 3 353 266 423 16 197 92
 337 90 357 146 282 468 478 361 259 19
 210 337 370 49 359 155 256 359 311 143
 286 143 11 426 455 224 315 74 358 473
 36 119 151 476 192 412 354 36 115 308
 246 450 219 452 136 340 208 464 489 69
 246 460 309 228 321 24 96 189 421 358
 414
 338 532 369 320 430 572 365 186 248 748
 445 133 274 637 46 703 213 557 335 409
 613 959 810 487 990 29 581 22 484 295
 105 452 785 616 21 465 890 674 559 237
 604 63 259 414 537 880 809 684 381 792
 972 808 280 895 529 661 739 980 62 363
 70 935 388 397 477 272 281 239 914 640
 242 819 520 716 701 53 635 797 801 788
 749 82 562 408 557 329 626 541 457 940
 427 963 155 531 4 502 3 298 799 69
 386 357 245 620 855 875 626 98 851 576
 84 469 852 344 821 971 503 16 318 624
 262 457 574 518 795 67 140 4 692 989
 901 730 806 296 425 346 478 667 645 698
 262 308 684 272 349 942 678 613 426 40
 96 659 110 261 182 405 14 788 973 446
 844 854 539 984 371 607 8 956 191 378
 472 688 865 459 977 91 819 832 621 834
 468 934 720 635 994 890 738 494 222 808
 768 929 261 679 835 908 534 246 759 451
 935 13 610 776 281 298 917 276 412 199
 747 978 933 134 883 184 821 378 514 585
 662 165 591 722 774 461 934 743 655 960
 419 25 411 522 635 471 391 211 985 120
 538 551 879 127 994 708 767 284 695 495
 313