250
 200 438 234 192 490 443 111 380 160 97
 206 32 453 495 315 394 227 444 386 316
 276 181 7 181 127 474 363 157 54 184
 350 72 210 421 316 53 414 213 249 85
 203 390 429 88 252 384 10 134 304 155
 274 251 498 455 281 451 290 140 395 480
 189 207 348 305 64 15 287 116 1 129
 405 360 291 208 35 429 201 92 429 466
 380 49 254 181 194 193 246 318 173 176
 150 110 66 150 382 376 177 258 283 25
 196 13 195 483 339 355 437 249 416 181
 404 201 11 294 125 415 386 25 37 5
 298 377 276 109 394 283 481 378 322 277
 48 69 298 219 422 94 475 91 234 242
 252 140 191 55 408 192 76 24 86 376
 478 435 333 294 287 183 367 239 87 346
 311 475 14 203 93 209 255 451 152 380
 210 94 210 77 458 187 168 1 186 310
 440 55 387 482 78 460 90 156 158 330
 465 127 261 485 488 91 57 54 470 10
 275 135 430 424 441 370 77 68 270 158
 366 113 322 495 394 444 56 208 235 488
 466 295 205 407 297 162 439 14 454 73
 232 315 370 426 71 482 68 422 478 82
 138 146 130 203 258 123 145 77 102 15
 98
 744 823 755 39 748 652 545 908 919 905
 858 725 642 497 567 522 982 136 756 654
 876 338 996 834 545 944 175 205 63 105
 161 510 999 939 247 24 981 438 137 659
 506 324 565 295 588 682 53 39 481 11
 339 807 841 477 97 441 836 171 717 183
 760 139 11 685 321 439 221 987 112 691
 974 984 692 507 349 862 173 156 443 477
 516 871 600 831 984 553 899 966 921 601
 35 302 200 343 947 278 157 447 143 673
 28 162 357 249 701 7 948 886 129 228
 877 858 581 195 91 824 436 499 363 906
 848 290 957 397 326 866 283 551 946 643
 162 254 973 36 857 91 290 270 651 573
 92 760 410 262 652 517 175 902 173 538
 642 537 23 175 69 35 324 237 56 967
 447 962 573 908 765 363 222 683 733 460
 573 381 855 636 976 260 164 890 833 707
 296 136 243 446 199 795 679 801 58 665
 413 163 544 787 435 741 621 629 215 73
 971 618 665 821 408 796 13 668 192 518
 147 585 282 313 372 184 554 249 245 461
 845 855 877 102 852 245 918 415 994 780
 455 595 965 668 184 2 602 616 725 417
 446 802 383 536 433 313 964 637 751 837
 595