250
 355 192 235 242 174 315 127 172 26 104
 372 491 105 123 267 199 73 190 25 273
 108 96 124 345 223 55 195 174 308 202
 133 387 458 177 85 105 160 63 259 411
 213 91 322 275 65 194 261 70 139 274
 488 418 56 176 398 148 472 269 406 292
 51 480 86 93 298 373 349 69 259 146
 170 238 423 155 95 313 170 284 398 315
 318 256 284 2 190 439 102 393 189 442
 23 415 475 192 212 267 495 8 483 247
 353 374 393 302 177 170 40 292 21 91
 12 469 179 319 95 490 474 199 163 66
 139 42 58 162 94 420 404 164 471 78
 307 26 118 202 98 232 496 359 355 34
 495 106 231 56 35 81 56 127 46 39
 419 290 142 169 76 205 487 13 224 72
 169 402 93 482 107 46 373 423 252 105
 467 19 411 150 266 380 206 15 154 468
 188 496 242 420 468 112 76 37 3 385
 265 74 228 400 372 459 491 127 148 493
 257 447 246 225 102 203 21 379 222 170
 238 231 151 351 185 493 229 80 333 353
 454 14 426 411 373 326 135 83 471 252
 186 392 91 400 44 122 9 216 366 305
 62 446 114 379 301 403 65 492 404 151
 167
 70 83 650 998 571 962 359 44 586 704
 710 24 820 841 312 24 323 411 260 962
 725 510 824 911 332 24 57 757 526 932
 144 559 818 249 35 790 808 148 355 409
 191 495 958 253 791 98 443 302 846 163
 856 204 52 234 786 393 503 544 24 653
 332 15 415 611 293 889 653 109 471 96
 272 814 254 156 533 314 712 730 922 805
 656 721 674 993 526 292 348 635 313 189
 136 595 311 283 893 801 197 213 96 937
 804 423 69 16 193 617 620 47 951 617
 224 27 969 280 100 496 357 217 551 377
 122 289 823 141 174 521 758 848 853 286
 62 457 735 321 925 550 735 103 415 570
 998 758 603 26 690 736 158 997 83 824
 406 584 272 520 901 251 346 424 961 372
 973 105 57 312 813 245 27 286 63 485
 433 520 292 431 363 77 731 852 331 215
 143 957 653 99 890 843 778 851 630 438
 40 761 314 305 531 789 410 872 390 986
 915 131 701 350 787 118 68 412 256 500
 686 557 592 219 228 69 547 247 854 683
 198 260 653 982 141 67 510 337 422 727
 913 463 946 609 958 264 361 383 816 145
 269 694 789 494 578 594 89 382 527 681
 272