250
 292 233 320 199 191 378 161 97 261 13
 265 143 29 335 12 207 402 495 156 276
 17 118 245 176 399 344 197 272 277 487
 398 439 153 441 49 488 164 277 176 5
 2 412 249 310 232 112 104 9 169 451
 358 200 140 204 399 35 235 27 144 50
 391 403 405 173 398 286 146 417 191 472
 22 124 488 346 469 11 405 281 91 213
 246 277 230 181 422 90 163 409 171 392
 175 153 202 84 280 352 31 116 356 365
 452 316 343 293 252 229 328 58 430 403
 190 457 408 253 313 21 351 297 319 3
 441 140 255 295 23 210 246 496 208 444
 422 323 281 71 176 164 216 349 49 382
 444 170 400 211 353 288 262 24 475 66
 52 103 81 466 70 319 247 260 241 67
 372 331 124 134 159 45 182 176 225 258
 35 289 451 313 151 489 27 29 43 377
 226 415 359 384 338 444 200 225 60 124
 257 29 403 200 74 450 376 199 213 201
 271 7 43 436 76 428 172 266 31 401
 393 156 26 424 453 354 97 471 39 329
 220 386 151 431 149 305 410 293 386 396
 47 468 170 255 34 8 201 129 206 151
 19 437 495 479 136 233 158 199 365 47
 265
 87 60 88 203 898 951 104 884 220 517
 477 362 237 848 223 249 342 47 555 94
 136 427 625 197 97 951 933 712 497 12
 955 541 396 568 139 592 118 683 338 372
 437 611 329 413 799 611 381 567 320 997
 956 774 74 86 828 788 86 903 564 673
 91 864 64 121 642 43 807 206 230 286
 710 256 29 940 209 255 601 864 991 412
 582 718 795 76 745 503 346 258 652 663
 192 600 533 0 937 664 477 739 969 375
 47 962 777 956 395 786 61 480 591 808
 525 788 147 507 317 599 780 971 795 366
 633 876 759 514 554 142 860 539 196 701
 229 689 228 569 229 762 689 542 96 958
 223 101 979 811 302 604 783 212 180 224
 730 520 18 394 27 322 276 240 805 796
 526 75 656 174 331 437 889 423 103 985
 632 703 80 939 46 430 421 786 475 284
 62 914 724 644 885 179 333 124 12 686
 22 914 316 627 391 832 505 640 754 239
 699 37 487 123 319 370 25 431 969 799
 772 776 718 506 654 608 125 822 101 342
 936 189 616 232 661 358 138 865 252 619
 563 454 16 245 594 839 312 164 969 404
 650 268 536 213 64 732 171 938 508 768
 849