250
 188 21 89 351 203 156 159 237 110 101
 260 97 304 104 218 321 217 415 110 79
 335 461 454 166 305 10 364 259 473 169
 490 444 228 295 228 290 316 235 43 208
 293 331 174 416 466 387 444 189 10 32
 475 24 214 191 189 49 494 284 476 339
 122 438 4 333 242 59 430 91 267 313
 127 46 409 89 395 58 488 59 332 69
 42 152 418 211 24 325 28 229 83 56
 74 291 54 397 27 451 104 30 205 363
 11 31 246 299 310 231 153 480 452 383
 137 483 342 138 40 83 232 464 105 147
 379 243 115 360 50 451 43 341 297 352
 308 348 97 13 67 238 384 346 223 483
 248 267 449 214 471 256 498 100 307 233
 465 181 344 470 356 275 204 285 104 246
 195 437 227 188 247 60 334 377 97 463
 103 279 119 405 406 346 354 70 51 221
 281 357 275 447 338 346 437 294 210 183
 50 75 401 52 269 426 380 228 269 485
 189 364 81 494 439 493 206 372 463 195
 191 467 195 80 208 315 467 145 352 220
 303 457 127 329 438 127 305 465 50 88
 287 98 470 263 217 337 11 315 228 114
 372 168 486 114 11 452 116 210 204 314
 370
 616 97 407 624 126 978 602 455 117 54
 310 862 279 846 870 275 986 969 548 971
 773 776 538 537 177 870 347 427 760 172
 345 479 604 946 974 839 683 220 314 740
 607 761 873 664 217 950 979 416 268 564
 685 25 996 704 301 503 612 256 588 915
 118 960 173 743 929 440 986 228 190 455
 724 972 276 534 27 859 258 558 249 138
 557 149 125 419 822 810 879 689 669 821
 892 640 852 506 611 422 25 247 791 495
 440 999 750 176 568 999 243 315 131 523
 780 779 573 384 39 813 583 837 98 256
 842 174 929 309 344 530 216 229 912 810
 147 364 760 282 535 311 64 707 957 21
 884 441 533 341 175 599 439 386 400 27
 199 90 75 15 66 18 287 644 749 32
 894 22 167 970 141 970 529 428 296 484
 25 265 670 126 831 981 452 487 743 94
 544 576 593 89 341 256 16 124 557 480
 467 818 585 759 588 5 142 577 995 608
 705 320 400 680 191 763 850 248 980 540
 562 876 547 83 941 405 17 273 385 104
 687 994 418 796 763 767 698 530 500 536
 192 950 165 872 576 660 876 87 847 754
 385 887 637 25 448 660 866 599 817 583
 157