1000
 20 471 409 224 443 289 465 344 204 381
 292 57 354 51 165 422 469 199 235 243
 309 284 158 167 257 258 22 457 231 193
 489 478 351 222 345 66 382 313 6 218
 71 380 172 394 397 165 57 432 194 85
 52 143 217 174 103 339 141 225 464 175
 412 444 474 267 53 334 420 105 413 18
 87 276 154 207 115 109 130 379 243 455
 12 426 469 337 402 109 321 239 287 314
 166 263 135 83 402 119 417 291 413 296
 97 207 447 328 394 66 245 421 293 200
 366 186 444 104 52 418 140 460 289 338
 144 129 331 135 166 492 474 273 445 17
 205 228 473 219 74 29 161 340 54 49
 121 142 47 407 234 353 218 136 40 130
 297 462 370 70 329 114 362 179 16 229
 167 34 250 180 256 397 271 91 173 3
 121 257 206 56 117 348 336 301 316 8
 490 90 1 172 103 353 253 320 178 234
 190 92 218 1 72 431 49 304 491 187
 212 16 0 348 381 481 291 305 1 126
 449 78 367 498 448 122 248 56 62 33
 171 360 211 407 382 159 294 368 433 251
 380 438 345 130 482 203 316 246 411 443
 193 405 170 79 68 6 359 348 75 56
 9 122 4 87 477 370 258 158 44 143
 433 17 279 461 151 456 449 48 180 159
 306 171 94 141 84 395 253 18 407 312
 284 9 165 427 52 53 165 255 131 174
 386 241 404 213 182 300 227 70 44 319
 151 336 110 476 238 424 188 155 470 336
 203 441 347 369 468 391 14 430 416 454
 69 191 350 33 454 322 107 425 15 324
 175 380 296 328 416 288 292 333 38 377
 400 426 150 297 128 118 208 475 231 162
 494 243 259 362 424 63 264 258 381 357
 491 479 319 241 325 297 133 259 171 316
 118 280 433 72 70 219 287 90 433 124
 279 19 277 403 1 68 255 194 93 430
 165 160 2 170 291 99 411 222 208 92
 130 48 326 384 394 381 477 66 99 295
 295 455 25 182 334 181 367 296 190 332
 9 335 338 95 225 334 96 34 390 385
 257 393 260 228 52 351 261 112 451 386
 130 221 199 450 390 467 57 245 287 267
 250 456 349 372 264 333 103 340 452 300
 31 61 105 378 225 280 192 421 47 219
 151 65 393 141 160 343 65 293 490 412
 350 355 44 213 51 37 351 66 81 32
 0 175 265 482 86 40 181 100 201 410
 388 63 479 281 307 111 482 298 238 351
 499 331 245 344 321 28 98 393 489 173
 191 80 437 375 479 283 184 63 175 55
 68 97 73 15 16 488 203 377 370 50
 453 114 486 472 398 388 130 204 49 469
 150 33 409 395 278 314 483 326 309 360
 226 307 441 150 257 101 484 379 124 365
 458 465 429 130 322 399 262 126 347 497
 158 127 91 487 437 238 145 226 145 13
 12 183 412 191 91 264 225 373 206 469
 280 241 338 334 231 339 113 150 330 82
 24 321 202 152 27 92 277 287 394 424
 331 265 140 222 40 21 171 159 134 455
 335 389 59 428 376 89 302 212 455 442
 263 260 93 337 112 491 27 154 386 386
 178 12 312 257 393 201 403 319 385 91
 94 57 93 92 441 182 427 427 316 431
 380 237 321 116 493 151 413 230 328 19
 498 85 58 386 18 415 106 81 487 284
 403 220 114 310 309 363 318 168 177 57
 480 136 462 244 42 446 74 176 306 246
 63 59 260 111 243 108 332 392 338 477
 98 138 361 126 457 198 79 10 328 189
 339 310 483 438 20 31 376 456 312 40
 189 344 206 496 7 212 293 424 450 159
 442 372 485 21 72 161 310 394 356 388
 225 3 269 140 331 425 394 320 401 205
 175 120 438 312 103 97 431 218 104 473
 355 476 38 249 494 254 35 461 348 364
 457 292 65 433 11 308 199 256 487 455
 310 466 291 412 369 86 366 313 350 185
 160 99 68 267 171 155 99 100 119 206
 499 375 217 214 418 13 66 327 213 380
 142 304 369 103 398 142 459 145 480 200
 89 293 326 116 98 231 259 264 347 95
 159 77 169 357 247 348 218 3 5 336
 167 372 404 435 162 241 10 487 177 145
 124 233 255 396 73 453 297 307 348 276
 122 212 294 134 465 219 495 294 212 192
 230 137 264 173 216 476 406 480 84 155
 37 99 346 178 48 76 171 286 171 188
 134 405 207 97 401 125 252 416 301 78
 158 335 217 414 337 35 122 72 229 429
 201 367 384 133 448 341 283 213 427 94
 81 427 370 195 4 282 211 69 313 404
 159 299 52 19 470 56 189 307 64 67
 127 126 121 85 19 79 149 451 467 110
 61 16 469 123 120 370 480 373 495 353
 125 452 437 252 180 206 170 96 100 414
 463 15 341 403 178 420 293 316 315 436
 480
 518 458 695 636 909 912 718 91 857 759
 662 758 692 455 934 907 493 646 900 896
 585 476 136 221 297 641 126 904 505 863
 381 769 453 917 105 361 242 126 836 724
 133 324 383 692 686 355 21 431 284 724
 955 490 639 934 344 510 745 286 5 12
 184 445 186 695 636 261 246 66 688 384
 562 954 915 888 696 743 851 893 103 957
 843 448 114 737 599 853 527 607 483 247
 339 702 54 266 554 732 714 631 761 915
 903 610 692 667 229 790 68 70 119 830
 274 382 514 69 257 604 781 424 682 777
 195 255 765 625 785 46 105 199 67 46
 682 322 837 85 280 652 977 852 614 38
 234 72 677 788 787 302 322 831 92 874
 179 950 366 687 177 547 352 899 899 320
 235 621 579 228 83 494 648 296 879 79
 684 753 944 327 144 202 791 270 135 648
 290 631 910 913 931 408 789 955 454 595
 33 799 604 468 401 848 728 59 364 452
 81 512 337 711 846 724 636 561 735 602
 617 207 832 966 515 17 130 621 607 154
 288 114 326 997 45 411 971 23 621 6
 987 866 915 229 793 929 137 361 40 495
 236 838 331 434 341 519 62 161 20 870
 247 742 358 421 128 699 696 891 706 228
 254 652 246 505 40 589 324 734 336 727
 52 631 859 381 375 587 905 784 908 209
 507 253 604 551 105 988 304 111 599 713
 584 983 249 81 747 403 577 996 982 244
 302 536 352 55 514 551 258 495 830 689
 733 152 424 623 139 560 361 726 267 703
 598 270 885 251 890 385 883 250 303 396
 863 355 32 207 542 206 279 568 890 736
 21 622 610 746 8 856 135 142 829 857
 908 892 739 322 410 932 343 941 136 390
 825 557 364 121 2 98 935 130 646 223
 279 606 476 429 406 674 714 495 995 594
 208 443 601 787 521 736 92 149 105 168
 465 937 1 149 612 518 108 971 785 580
 533 701 617 432 198 167 235 235 571 105
 317 809 55 303 920 192 913 835 835 417
 933 456 770 678 92 139 150 240 559 678
 710 145 918 100 254 323 508 284 4 132
 780 164 888 336 961 76 32 250 493 612
 406 248 485 228 808 527 924 444 866 731
 558 551 475 942 634 180 762 709 2 58
 568 299 998 543 585 750 780 226 644 594
 320 394 58 167 637 402 456 330 46 226
 429 207 524 268 110 81 662 616 237 760
 302 189 748 789 216 744 509 338 864 659
 584 341 956 461 814 994 788 515 466 888
 371 102 561 687 591 713 325 548 906 910
 402 72 743 191 733 794 434 365 3 152
 819 610 866 761 548 302 298 22 805 393
 407 659 363 408 753 887 274 621 651 813
 329 958 187 336 987 612 694 102 828 1
 360 13 265 762 671 215 991 814 973 787
 605 592 218 889 257 845 689 364 876 865
 677 290 191 168 715 46 742 465 615 863
 563 428 787 497 554 553 165 696 379 274
 931 156 308 879 793 335 779 897 443 804
 958 939 974 199 770 526 22 922 86 126
 914 224 806 303 976 130 963 833 815 837
 786 423 611 519 701 979 966 693 189 40
 835 487 14 634 75 102 280 180 914 872
 761 812 427 539 697 353 468 492 462 30
 542 382 104 978 481 907 266 289 314 264
 125 800 650 89 799 345 161 258 470 288
 368 107 614 577 550 815 76 676 687 32
 521 379 659 637 965 186 193 2 362 320
 676 702 957 520 723 378 381 891 994 620
 467 267 363 782 269 626 298 199 821 380
 533 335 672 130 741 559 38 604 803 835
 819 508 320 291 833 233 65 889 484 15
 300 231 488 662 483 472 74 305 183 791
 631 831 832 20 597 603 932 893 88 744
 737 682 258 841 737 581 268 905 974 336
 993 258 579 561 453 975 907 933 592 678
 401 412 522 256 254 896 552 189 686 821
 530 279 983 138 690 377 370 193 140 221
 470 54 813 677 3 372 410 110 144 443
 395 227 171 249 25 350 629 805 517 404
 168 32 607 151 509 602 827 972 909 509
 244 479 851 916 906 238 35 597 120 831
 588 415 611 214 291 12 536 807 613 996
 768 430 962 931 881 399 957 526 221 353
 836 608 285 926 924 403 261 761 154 180
 735 972 611 402 504 598 563 475 530 159
 459 660 955 393 704 596 83 514 454 35
 418 76 949 188 452 159 266 548 986 446
 512 241 507 729 621 402 485 332 764 169
 628 579 464 130 958 771 884 296 583 273
 797 906 475 589 110 337 779 468 33 872
 235 256 585 194 119 376 247 903 834 64
 530 100 313 676 440 460 855 497 229 280
 583 443 428 230 656 246 859 896 206 286
 669 123 645 533 489 777 803 822 723 936
 606 424 426 647 150 497 596 39 829 172
 520 188 913 482 160 995 265 211 939 88
 99