250
 259 157 131 171 444 441 333 394 441 315
 66 237 229 260 18 24 369 14 482 105
 30 479 418 63 227 113 161 465 362 496
 122 429 204 235 356 56 122 405 483 349
 21 350 328 64 380 412 465 406 36 490
 259 419 25 184 414 194 403 353 457 326
 8 113 362 478 370 111 227 144 353 211
 184 302 10 410 431 36 242 23 301 191
 8 266 493 402 7 467 347 456 455 189
 408 357 3 7 276 274 47 132 487 464
 497 460 339 143 347 463 36 73 27 404
 419 88 483 293 285 112 387 220 161 339
 174 167 329 167 31 353 198 168 275 72
 55 496 456 334 29 4 130 345 352 359
 275 75 6 39 349 52 52 8 298 243
 272 115 18 366 277 38 366 96 215 316
 26 449 150 426 78 45 150 86 499 403
 256 273 220 454 497 281 167 258 229 420
 216 61 449 383 47 210 326 239 244 459
 131 64 51 126 23 197 106 335 57 279
 376 24 212 260 273 485 421 340 475 280
 182 195 475 191 118 50 21 167 386 37
 390 353 96 352 310 65 181 422 90 392
 429 9 304 341 178 52 72 225 272 314
 282 354 433 387 272 283 176 401 455 338
 212
 921 101 822 984 198 193 627 753 881 811
 637 565 483 525 644 796 927 355 104 363
 789 291 337 315 714 717 19 790 297 635
 568 423 652 431 684 880 314 972 874 675
 667 824 390 761 8 21 449 712 295 74
 959 378 22 398 167 59 452 587 303 779
 849 758 861 534 812 317 296 976 627 912
 756 862 156 606 18 318 833 231 588 703
 607 880 639 784 434 778 55 284 520 544
 446 433 39 177 597 499 168 293 478 78
 318 560 534 38 764 347 434 913 989 393
 0 867 712 249 313 757 60 664 747 362
 566 387 329 211 539 186 896 656 416 684
 920 484 884 27 79 665 738 58 739 431
 144 91 155 63 876 77 671 623 578 688
 420 384 983 686 613 656 765 179 368 253
 265 594 752 9 204 971 251 739 98 219
 828 32 718 997 564 967 624 282 224 25
 840 473 846 449 485 424 952 545 852 966
 569 201 874 825 933 490 845 335 666 856
 425 419 943 808 254 585 732 599 376 293
 864 436 224 710 319 825 537 900 904 539
 707 706 730 743 677 234 946 403 274 381
 135 443 258 568 834 190 838 963 687 23
 152 470 821 792 115 183 152 834 897 734
 64