250
 313 328 463 453 327 150 494 10 130 97
 278 457 153 160 263 267 341 190 243 293
 456 100 184 423 422 399 195 56 319 250
 370 75 189 110 486 330 282 499 390 272
 214 397 205 142 444 100 196 272 119 177
 20 202 465 117 278 230 173 117 224 189
 228 265 10 403 241 423 333 403 32 483
 417 436 313 282 353 263 106 354 427 228
 432 302 160 18 433 359 15 262 240 331
 316 130 337 172 376 185 134 472 87 377
 269 487 303 270 126 405 20 118 126 114
 373 457 198 280 188 315 219 14 335 143
 231 254 93 237 189 32 243 124 114 112
 193 331 392 300 414 421 407 71 59 65
 211 343 217 84 253 190 172 384 239 280
 23 300 360 222 237 18 94 251 116 86
 302 440 391 405 301 241 384 178 157 295
 179 68 259 487 257 110 288 314 103 101
 77 292 161 312 87 376 308 359 29 190
 399 59 409 242 322 177 424 387 485 497
 168 87 168 424 399 279 377 118 304 291
 395 3 418 349 54 26 304 103 490 425
 476 63 89 457 362 366 176 362 378 212
 182 484 436 212 425 132 334 63 20 428
 422 54 151 16 114 258 144 370 67 66
 456
 217 470 889 612 433 972 516 249 958 548
 797 426 101 276 466 599 595 6 718 552
 249 309 121 413 442 131 617 166 413 565
 815 868 896 68 648 198 400 295 911 419
 375 526 848 788 625 349 615 250 538 454
 849 54 852 714 270 490 470 347 472 400
 266 154 698 762 435 624 187 189 868 336
 67 996 295 866 751 189 628 44 211 985
 295 713 758 125 871 19 756 198 380 123
 271 717 302 619 694 745 854 248 698 255
 993 546 984 718 143 712 190 348 67 246
 991 847 534 947 879 966 218 215 498 275
 118 373 19 841 345 595 650 366 634 97
 408 236 279 682 603 625 40 232 888 502
 970 153 898 61 816 545 4 1 246 720
 22 706 931 676 22 76 763 124 327 216
 537 102 972 984 972 588 416 742 134 99
 617 68 325 728 569 186 395 24 662 847
 204 252 58 22 894 165 821 739 392 476
 436 574 640 524 43 19 783 322 332 96
 196 655 941 889 522 103 192 943 5 119
 208 340 258 216 30 664 280 476 105 71
 205 750 572 255 713 0 151 419 989 989
 721 110 838 260 17 490 276 374 451 177
 871 724 766 530 133 534 601 380 541 95
 755