500
 350 392 26 182 280 144 87 83 135 129
 224 118 481 195 441 189 8 319 372 205
 291 438 432 163 128 191 326 235 260 334
 459 414 429 313 302 178 236 422 470 119
 92 176 87 10 118 7 171 133 380 76
 83 94 392 433 220 337 302 306 82 285
 177 307 418 393 455 34 111 126 99 325
 231 404 108 24 190 479 417 133 293 52
 364 301 256 487 70 76 333 71 4 228
 444 159 247 161 352 386 138 211 53 401
 64 251 118 120 388 167 287 88 155 284
 454 450 47 98 300 10 84 299 76 453
 261 430 179 298 347 296 341 85 363 342
 315 456 493 150 190 412 154 225 177 288
 271 100 198 396 24 310 308 55 257 398
 2 49 151 482 196 188 349 42 263 343
 160 84 484 150 265 243 101 108 321 381
 107 278 146 384 320 62 479 214 59 479
 444 401 285 16 406 395 147 288 423 157
 59 377 209 150 171 437 307 187 2 290
 482 76 365 426 81 442 73 269 69 115
 483 55 68 313 426 299 230 453 13 92
 379 490 111 139 12 82 112 8 179 91
 215 74 284 164 322 33 70 126 415 470
 12 462 372 403 177 241 91 151 206 443
 259 342 167 390 153 401 21 180 14 83
 259 144 334 341 367 291 122 390 91 291
 409 254 397 87 396 79 157 305 258 381
 188 386 453 200 376 418 278 492 83 287
 6 42 398 419 258 423 289 66 90 470
 265 124 280 281 245 371 422 320 470 316
 42 52 174 191 387 248 339 316 208 270
 379 142 143 175 346 19 336 52 369 494
 127 30 381 210 89 455 306 165 7 75
 216 457 493 205 158 106 293 244 239 361
 80 98 29 414 412 449 11 244 317 216
 252 332 133 400 370 278 454 293 408 335
 472 289 175 324 82 57 348 184 52 318
 483 181 110 33 42 67 423 110 218 234
 3 265 18 485 60 352 259 87 23 63
 101 191 411 64 181 359 443 102 35 198
 241 406 202 298 330 228 29 390 489 163
 161 201 370 133 61 15 30 169 405 404
 329 328 9 247 365 87 366 327 291 490
 121 267 110 35 168 36 178 1 77 99
 171 112 246 385 403 366 473 78 30 408
 6 337 3 353 266 423 16 197 92 337
 90 357 146 282 468 478 361 259 19 210
 337 370 49 359 155 256 359 311 143 286
 143 11 426 455 224 315 74 358 473 36
 119
 302 952 384 824 709 72 230 616 493 900
 439 904 273 681 416 929 978 138 492 921
 618 457 642 49 193 379 843 717 828 338
 532 369 320 430 572 365 186 248 748 445
 133 274 637 46 703 213 557 335 409 613
 959 810 487 990 29 581 22 484 295 105
 452 785 616 21 465 890 674 559 237 604
 63 259 414 537 880 809 684 381 792 972
 808 280 895 529 661 739 980 62 363 70
 935 388 397 477 272 281 239 914 640 242
 819 520 716 701 53 635 797 801 788 749
 82 562 408 557 329 626 541 457 940 427
 963 155 531 4 502 3 298 799 69 386
 357 245 620 855 875 626 98 851 576 84
 469 852 344 821 971 503 16 318 624 262
 457 574 518 795 67 140 4 692 989 901
 730 806 296 425 346 478 667 645 698 262
 308 684 272 349 942 678 613 426 40 96
 659 110 261 182 405 14 788 973 446 844
 854 539 984 371 607 8 956 191 378 472
 688 865 459 977 91 819 832 621 834 468
 934 720 635 994 890 738 494 222 808 768
 929 261 679 835 908 534 246 759 451 935
 13 610 776 281 298 917 276 412 199 747
 978 933 134 883 184 821 378 514 585 662
 165 591 722 774 461 934 743 655 960 419
 25 411 522 635 471 391 211 985 120 538
 551 879 127 994 708 767 284 695 495 313
 245 382 160 955 216 288 487 207 383 450
 72 147 461 723 698 223 13 242 200 90
 202 548 388 935 510 373 725 885 0 760
 158 600 703 308 826 980 373 600 968 350
 1 270 747 661 507 90 748 799 151 618
 93 722 503 271 724 596 53 37 471 141
 294 489 861 408 143 779 679 831 534 599
 468 468 429 453 703 315 593 272 394 682
 237 372 69 843 450 868 283 783 301 352
 672 801 739 720 623 578 59 727 167 308
 998 701 242 778 664 428 377 243 864 792
 368 368 620 420 282 763 97 794 511 274
 681 683 986 410 195 723 61 390 732 996
 81 958 152 533 225 272 581 504 278 531
 649 45 408 401 877 468 385 981 886 222
 761 320 195 412 64 906 991 630 789 454
 888 772 633 553 362 14 362 255 948 727
 314 108 369 701 144 420 843 633 106 829
 426 498 170 406 780 859 176 505 768 20
 269 609 311 549 503 996 910 562 902 581
 280 790 960 378 415 697 611 128 30 575
 232 3 258 811 720 583 417 70 858 402
 185