250
 24 346 325 71 28 209 233 329 76 100
 25 246 140 23 463 181 170 314 227 342
 275 254 160 208 163 106 416 125 281 449
 133 63 254 439 12 127 110 258 241 498
 214 177 342 7 19 69 298 497 324 97
 462 401 24 70 375 362 31 441 33 398
 316 156 124 479 65 88 116 269 162 129
 43 450 372 274 277 434 202 370 407 216
 348 397 418 161 428 231 99 121 318 396
 469 63 435 486 63 187 316 99 196 122
 180 44 25 15 257 354 286 100 217 239
 247 69 77 225 172 165 6 337 221 64
 10 28 194 154 395 464 102 35 153 395
 364 356 315 302 185 41 221 321 368 188
 273 201 446 297 272 373 265 161 261 152
 276 402 90 278 442 480 234 145 492 297
 42 486 392 17 104 107 334 157 198 121
 344 438 35 273 1 277 56 494 291 234
 454 129 290 252 179 254 233 467 496 434
 263 98 140 293 453 449 170 140 391 65
 133 242 127 455 306 281 9 144 127 142
 190 204 264 328 13 278 28 499 427 318
 323 421 146 25 213 7 367 292 416 490
 235 368 268 51 97 231 171 427 424 61
 400 420 412 298 52 350 136 483 185 5
 354
 740 908 254 903 836 636 568 315 408 174
 94 262 550 868 74 981 240 483 725 464
 126 633 319 214 893 9 895 539 312 135
 762 119 634 767 243 824 334 560 407 146
 554 130 108 414 862 661 742 70 949 146
 747 842 443 663 801 984 984 106 40 203
 651 497 615 504 8 363 80 251 623 313
 284 769 186 713 325 567 392 555 688 913
 986 656 983 86 315 630 179 723 632 988
 355 738 139 302 903 494 369 317 908 54
 737 701 252 429 416 619 442 646 941 313
 480 456 664 700 43 863 493 395 306 272
 301 431 398 672 776 0 481 16 488 796
 75 46 931 651 399 144 525 476 35 879
 39 354 501 210 725 848 688 529 13 169
 967 401 349 493 788 433 732 490 123 156
 58 745 847 827 153 256 755 372 119 127
 288 161 769 702 48 154 153 881 417 1
 979 375 573 547 737 763 171 264 304 693
 914 531 440 6 72 320 658 977 148 698
 496 641 374 329 419 671 374 967 643 44
 454 349 52 249 951 147 28 761 685 379
 20 699 124 122 205 615 645 45 749 331
 691 438 418 764 172 76 474 107 295 945
 229 212 570 368 373 410 340 967 874 202
 627