500
 56 74 291 54 397 27 451 104 30 205
 363 11 31 246 299 310 231 153 480 452
 383 137 483 342 138 40 83 232 464 105
 147 379 243 115 360 50 451 43 341 297
 352 308 348 97 13 67 238 384 346 223
 483 248 267 449 214 471 256 498 100 307
 233 465 181 344 470 356 275 204 285 104
 246 195 437 227 188 247 60 334 377 97
 463 103 279 119 405 406 346 354 70 51
 221 281 357 275 447 338 346 437 294 210
 183 50 75 401 52 269 426 380 228 269
 485 189 364 81 494 439 493 206 372 463
 195 191 467 195 80 208 315 467 145 352
 220 303 457 127 329 438 127 305 465 50
 88 287 98 470 263 217 337 11 315 228
 114 372 168 486 114 11 452 116 210 204
 314 370 308 48 203 312 63 489 301 227
 58 27 155 431 139 423 435 137 493 484
 274 485 386 388 269 268 88 435 173 213
 380 86 172 239 302 473 487 419 341 110
 157 370 303 380 436 332 108 475 489 208
 134 282 342 12 498 352 150 251 306 128
 294 457 59 480 86 371 464 220 493 114
 95 227 362 486 138 267 13 429 129 279
 124 69 278 74 62 209 411 405 439 344
 334 410 446 320 426 253 305 211 12 123
 395 247 220 499 375 88 284 499 121 157
 65 261 390 389 286 192 19 406 291 418
 49 128 421 87 464 154 172 265 108 114
 456 405 73 182 380 141 267 155 32 353
 478 10 442 220 266 170 87 299 219 193
 200 13 99 45 37 7 33 9 143 322
 374 16 447 11 83 485 70 485 264 214
 148 242 12 132 335 63 415 490 226 243
 371 47 272 288 296 44 170 128 8 62
 278 240 233 409 292 379 294 2 71 288
 497 304 352 160 200 340 95 381 425 124
 490 270 281 438 273 41 470 202 8 136
 192 52 343 497 209 398 381 383 349 265
 250 268 96 475 82 436 288 330 438 43
 423 377 192 443 318 12 224 330 433 299
 408 291 78 7 498 349 400 311 98 411
 393 138 409 162 358 240 413 444 280 171
 349 73 336 468 87 154 314 227 143 42
 228 251 367 481 49 314 404 488 125 340
 267 431 259 349 179 483 306 217 138 483
 322 184 440 147 254 209 411 240 158 268
 332 384 495 329 368 388 272 31 215 88
 110 190 242 338 31 280 294 444 246 213
 495 7 249 308 17 235 149 413 405 248
 375
 625 511 711 744 463 251 806 791 981 138
 99 634 160 196 489 658 853 408 970 405
 121 262 37 266 897 845 814 759 878 545
 31 222 746 838 821 683 784 984 123 401
 367 741 281 63 177 814 726 520 971 657
 540 569 167 643 543 435 547 134 727 22
 889 604 647 385 315 326 379 728 225 21
 356 374 26 146 436 785 921 414 940 882
 18 400 103 493 619 292 861 360 39 583
 44 480 408 660 469 181 0 752 101 621
 168 504 331 951 955 342 376 252 202 822
 37 16 490 221 230 941 558 840 197 87
 708 847 538 940 566 284 972 3 55 919
 512 885 523 741 375 122 907 492 581 911
 526 938 210 683 801 155 173 264 327 449
 749 445 129 119 955 937 876 571 735 426
 285 996 283 271 935 149 190 264 948 583
 408 401 979 351 458 177 579 80 967 279
 729 99 187 561 371 645 387 389 212 401
 128 354 980 193 339 365 423 387 622 667
 115 61 887 109 739 801 254 991 438 885
 483 95 780 409 555 472 149 958 769 408
 780 66 490 175 110 859 920 130 281 716
 47 370 399 177 780 653 291 852 797 141
 631 778 928 106 526 534 438 830 978 751
 116 516 511 867 765 586 198 208 466 942
 628 5 517 115 416 534 149 201 68 286
 281 573 849 273 470 397 396 191 79 616
 460 672 209 161 910 474 823 3 725 767
 70 438 161 138 983 208 326 972 306 759
 785 897 699 124 958 610 667 383 688 438
 82 382 552 94 449 316 490 16 278 379
 194 529 909 847 11 468 825 390 500 654
 775 50 689 552 726 830 767 297 131 563
 821 148 560 37 745 587 476 994 775 865
 619 518 232 635 740 54 515 34 148 743
 378 762 560 815 504 964 856 548 888 92
 577 856 921 205 177 844 580 970 714 23
 40 790 624 392 379 459 729 112 555 157
 464 528 777 986 423 244 337 747 42 899
 837 967 524 492 361 881 384 845 765 406
 326 204 687 591 299 447 484 890 702 974
 411 208 196 866 101 565 664 127 966 899
 1 140 726 273 425 851 285 588 557 273
 89 212 803 328 536 32 157 760 902 708
 965 240 16 57 288 689 177 637 933 485
 155 973 41 799 59 64 328 571 70 591
 183 425 697 41 942 818 449 886 579 931
 689 409 763 585 115 708 103 330 844 938
 399 471 486 618 569 316 335 515 517 45
 914