500
 393 148 347 407 29 65 392 187 422 110
 14 450 249 86 253 339 179 104 494 206
 216 433 75 329 28 251 360 72 342 205
 1 394 480 201 428 127 117 449 248 366
 201 351 29 108 273 106 450 374 279 1
 490 174 497 124 294 85 295 386 41 53
 113 227 168 444 240 485 337 334 274 331
 249 414 206 198 189 228 471 425 85 408
 144 128 478 204 165 1 414 122 391 173
 202 429 53 299 291 245 156 70 206 477
 96 197 232 138 435 196 365 185 203 232
 65 385 30 184 309 3 189 487 297 249
 235 112 385 244 145 335 114 108 180 306
 22 351 43 375 377 477 449 74 211 466
 188 308 186 350 470 102 44 66 302 167
 492 6 458 126 84 190 186 392 299 428
 452 158 174 175 143 172 481 372 282 60
 449 310 316 130 204 431 366 51 84 248
 216 224 181 302 450 455 210 479 359 459
 320 95 459 228 251 55 315 372 301 223
 84 21 430 164 63 139 31 259 213 317
 11 334 457 407 293 329 188 309 16 83
 389 125 259 86 462 63 351 32 286 164
 98 320 102 193 377 211 0 423 241 72
 37 31 97 48 197 476 374 294 20 337
 485 465 121 431 431 475 434 256 344 124
 71 87 30 12 102 36 223 186 423 1
 222 85 201 368 473 227 161 202 372 157
 306 255 273 397 144 370 371 486 170 469
 321 423 158 410 449 75 325 240 121 112
 28 403 74 173 479 179 236 393 346 199
 404 480 226 290 138 57 134 292 7 32
 50 418 389 498 265 70 315 222 2 302
 298 232 365 125 270 52 113 445 251 342
 205 457 107 364 182 114 41 481 177 237
 370 420 385 410 479 212 308 219 475 70
 51 148 3 177 482 224 312 64 33 88
 62 434 315 474 415 91 226 356 427 333
 487 250 289 293 155 295 243 38 88 437
 438 151 18 281 314 123 462 286 203 246
 18 66 431 58 174 267 481 420 135 383
 173 48 62 237 334 470 180 145 314 476
 169 353 234 467 220 454 411 147 57 204
 427 235 338 315 166 270 249 317 103 260
 80 380 35 175 281 173 429 105 76 154
 261 359 78 219 272 89 318 291 26 427
 155 119 283 165 247 499 426 317 364 403
 210 389 441 430 339 201 490 124 341 416
 426 456 165 443 97 187 275 141 276 371
 412 332 11 396 386 378 17 405 259 239
 256
 313 174 189 455 303 894 157 758 232 835
 889 381 343 243 588 900 184 119 137 720
 391 454 287 123 466 386 882 896 840 296
 854 208 695 964 581 671 931 426 515 681
 659 179 185 935 583 405 553 579 826 561
 163 447 436 232 380 911 718 23 242 414
 470 179 609 575 913 15 145 345 678 81
 840 194 564 8 486 614 832 417 598 99
 110 520 221 568 613 302 587 520 778 455
 80 559 966 914 71 604 428 78 876 616
 592 425 382 753 414 13 128 281 70 759
 618 605 151 1 556 309 95 903 904 744
 628 651 873 901 188 680 731 363 232 601
 789 482 829 7 760 220 91 692 800 488
 726 788 670 439 470 40 74 49 648 999
 38 808 551 233 593 169 351 488 161 943
 835 803 927 336 433 873 414 13 345 291
 806 893 547 487 974 270 964 192 402 413
 26 744 188 564 279 27 578 354 621 300
 958 84 370 240 891 108 878 510 288 729
 414 967 147 244 598 218 70 146 737 611
 325 400 985 524 494 566 344 101 301 641
 583 601 975 401 580 837 116 507 935 472
 748 786 629 581 673 970 848 228 263 734
 823 400 556 436 518 461 322 319 323 260
 854 991 509 91 749 666 998 191 45 903
 14 944 52 917 15 242 773 967 12 111
 534 439 812 450 625 936 802 517 963 396
 298 63 565 502 919 25 27 176 386 771
 935 909 430 237 360 510 80 192 941 56
 967 66 682 877 207 358 127 916 105 672
 766 226 141 806 861 308 221 392 196 525
 728 140 878 476 288 438 20 713 285 38
 672 150 691 986 457 706 858 722 362 890
 885 475 849 1 247 102 841 407 483 174
 90 995 492 43 828 692 377 50 615 399
 290 802 712 328 680 52 398 529 162 909
 123 301 80 367 583 485 861 562 885 156
 324 238 405 595 469 211 263 181 975 907
 259 228 526 183 529 110 239 24 467 691
 245 138 768 210 785 942 710 894 344 629
 138 470 627 674 588 952 200 704 694 575
 111 434 764 764 393 890 227 262 523 922
 610 211 995 756 452 279 426 74 446 734
 813 640 170 660 67 380 271 927 711 814
 527 955 85 134 786 593 341 772 716 87
 151 130 793 431 929 930 699 481 696 392
 733 97 873 433 764 184 881 50 34 840
 266 252 938 976 193 964 959 96 528 856
 144 945 8 615 171 809 377 797 740 169
 574