500
 94 478 319 323 376 255 348 35 260 197
 372 434 30 375 112 405 47 301 153 490
 157 333 263 387 340 431 442 72 149 132
 23 156 18 182 201 164 219 377 208 128
 195 70 112 402 146 28 286 382 415 210
 32 427 491 254 188 314 445 483 157 325
 480 83 191 145 490 42 359 136 270 423
 305 205 486 413 429 87 101 262 62 341
 16 368 223 281 211 390 276 117 45 24
 338 333 342 102 93 210 334 209 419 430
 285 296 300 475 295 455 355 171 301 80
 431 182 55 492 485 64 269 459 48 272
 389 286 53 129 190 261 254 71 311 409
 90 274 184 37 319 317 314 418 486 157
 219 385 482 439 228 95 201 202 368 276
 261 18 137 256 137 136 478 139 453 70
 120 260 254 104 167 263 357 303 98 55
 375 383 123 111 85 236 257 168 361 27
 351 117 98 252 314 20 111 181 44 465
 415 204 248 112 153 165 476 122 177 18
 489 448 98 297 252 320 146 142 38 287
 21 271 200 387 458 256 184 177 166 296
 7 177 213 402 467 417 387 306 469 190
 439 126 268 474 75 320 260 182 366 16
 394 290 476 285 282 176 158 312 367 225
 84 142 21 12 374 365 75 27 45 22
 148 198 371 138 201 243 496 16 143 232
 183 293 260 301 148 386 338 44 104 328
 451 2 163 233 142 45 228 340 228 173
 334 360 347 221 119 477 328 166 327 27
 253 350 205 3 192 479 483 79 117 264
 402 360 224 449 4 69 130 330 124 11
 45 82 102 47 143 399 209 271 428 80
 103 174 439 432 374 396 297 86 346 295
 360 308 465 192 37 50 267 357 220 121
 30 189 20 422 39 166 75 21 470 90
 291 354 442 366 439 47 15 33 373 188
 27 0 15 90 379 452 230 21 231 206
 420 1 313 149 50 249 365 176 63 430
 322 33 318 219 362 411 107 318 346 346
 383 52 377 88 191 308 495 263 92 447
 297 291 10 158 467 168 194 322 139 10
 446 426 341 490 295 226 29 200 409 381
 243 331 351 385 182 457 164 73 269 199
 411 288 429 412 126 68 8 370 315 4
 186 496 73 277 77 400 454 312 394 356
 58 294 93 360 400 82 165 163 154 477
 76 404 247 140 299 385 176 275 203 258
 496 74 432 379 360 278 289 272 433 57
 336 293 198 274 215 8 457 283 301 154
 342
 22 307 657 904 201 867 386 376 784 48
 212 340 108 361 550 494 205 81 568 759
 990 350 447 992 4 445 893 750 197 923
 372 218 995 220 534 843 318 111 822 540
 555 799 547 274 129 621 85 860 591 87
 541 894 893 352 132 370 433 146 219 739
 264 442 238 939 6 930 174 974 299 747
 244 98 650 44 899 694 195 105 774 925
 122 478 919 563 497 228 731 94 262 463
 951 469 609 172 280 717 20 578 176 586
 826 910 737 979 97 432 238 84 553 274
 621 280 638 415 857 616 129 265 810 296
 820 854 614 833 470 394 995 977 802 553
 505 847 738 754 603 332 154 538 313 690
 705 624 699 90 925 272 624 541 801 34
 935 437 139 629 760 401 913 190 843 381
 525 446 104 666 825 732 332 435 143 997
 38 102 994 935 362 389 689 765 465 969
 0 295 726 633 770 556 925 962 971 675
 142 289 46 795 889 152 595 681 166 324
 487 392 809 666 52 794 766 572 751 566
 376 264 730 775 332 614 0 879 737 352
 751 320 756 205 614 551 903 389 212 456
 747 342 496 498 832 85 651 144 841 605
 916 785 911 399 255 179 76 754 132 337
 288 745 361 145 400 17 885 842 194 883
 534 63 695 793 993 115 285 506 204 836
 582 797 685 768 320 44 359 626 509 468
 519 827 576 922 480 473 248 116 732 809
 317 622 413 863 769 786 695 365 607 900
 478 240 173 667 645 965 243 504 375 394
 12 336 440 24 932 521 271 60 710 958
 76 466 441 635 221 542 882 85 570 704
 2 870 924 308 530 255 303 694 639 79
 372 256 978 106 777 772 841 120 888 256
 19 994 136 218 249 719 465 633 26 559
 901 6 352 839 425 955 537 514 238 631
 473 885 821 767 153 572 459 172 964 600
 435 780 803 88 875 920 17 618 272 7
 747 550 180 500 629 303 841 553 181 330
 514 159 381 660 131 599 40 550 435 826
 477 861 477 283 410 725 158 934 280 181
 667 204 651 720 774 643 232 256 762 341
 249 985 715 307 781 986 789 83 788 949
 617 440 684 833 61 42 101 399 887 841
 643 897 132 148 476 687 356 502 385 873
 910 353 454 492 423 285 163 88 532 329
 10 389 475 911 723 108 378 313 340 955
 100 217 62 477 607 136 155 222 325 202
 581 673 285 653 528 49 127 897 61 732
 545