250
 260 389 227 40 279 483 457 35 302 214
 39 438 308 296 212 191 376 207 6 64
 140 35 379 309 302 75 0 278 154 47
 451 452 372 314 325 436 450 94 340 365
 181 116 300 394 241 414 3 380 110 45
 346 400 244 363 394 335 219 235 20 37
 24 324 499 19 404 275 116 296 84 175
 244 80 471 417 401 463 168 216 436 207
 6 172 145 403 446 273 243 487 135 482
 96 201 206 13 372 94 282 139 13 289
 177 310 150 479 42 185 120 445 54 439
 255 144 364 207 483 73 122 299 109 35
 73 368 305 162 200 492 262 247 283 172
 50 150 320 291 300 487 200 290 418 58
 253 467 236 374 393 314 290 336 485 424
 114 131 367 411 200 278 218 259 230 161
 159 161 130 427 495 254 45 374 333 499
 95 22 451 7 472 26 458 7 121 386
 483 6 55 267 219 406 225 312 468 401
 258 481 198 149 31 282 251 459 12 13
 88 193 385 467 454 215 118 180 255 40
 96 470 28 483 33 341 438 103 179 63
 458 52 336 383 113 70 403 430 154 110
 196 98 262 364 70 439 238 144 219 10
 356 142 19 336 75 345 493 228 353 429
 361
 362 890 885 475 849 1 247 102 841 407
 483 174 90 995 492 43 828 692 377 50
 615 399 290 802 712 328 680 52 398 529
 162 909 123 301 80 367 583 485 861 562
 885 156 324 238 405 595 469 211 263 181
 975 907 259 228 526 183 529 110 239 24
 467 691 245 138 768 210 785 942 710 894
 344 629 138 470 627 674 588 952 200 704
 694 575 111 434 764 764 393 890 227 262
 523 922 610 211 995 756 452 279 426 74
 446 734 813 640 170 660 67 380 271 927
 711 814 527 955 85 134 786 593 341 772
 716 87 151 130 793 431 929 930 699 481
 696 392 733 97 873 433 764 184 881 50
 34 840 266 252 938 976 193 964 959 96
 528 856 144 945 8 615 171 809 377 797
 740 169 574 621 559 808 211 817 229 147
 143 468 952 241 258 12 199 736 209 193
 664 976 967 806 911 454 133 866 814 908
 427 349 963 975 319 488 491 881 26 36
 372 352 789 643 725 177 317 387 446 223
 827 850 604 407 246 532 173 660 114 392
 118 152 178 391 615 551 261 174 558 121
 262 914 204 914 109 762 314 312 875 125
 309 633 185 850 406 324 431 130 516 335
 59