250
 193 182 156 344 22 184 64 69 193 34
 452 166 107 209 65 194 339 460 231 101
 143 196 99 154 313 54 9 134 441 200
 332 350 17 226 222 380 281 158 381 477
 492 281 473 321 173 392 285 222 39 94
 198 113 23 46 152 132 447 499 152 122
 119 294 232 36 150 36 492 221 184 384
 498 498 362 29 9 403 300 241 292 183
 453 406 439 221 423 36 38 482 19 120
 48 94 122 237 335 102 464 472 199 115
 450 449 27 356 2 211 487 435 83 289
 379 80 435 444 163 112 26 20 310 176
 371 208 320 268 108 464 246 95 332 349
 99 136 33 348 380 283 107 388 145 301
 123 229 118 388 471 52 178 167 134 6
 102 147 49 393 418 412 320 488 353 169
 17 281 129 62 100 128 230 394 394 187
 24 458 322 184 85 226 342 324 114 92
 436 32 68 479 180 211 179 3 408 273
 338 318 257 414 210 420 164 279 252 440
 390 228 305 404 476 399 64 185 331 286
 240 296 101 150 169 333 208 246 199 376
 14 485 192 246 26 335 47 237 195 195
 345 258 250 262 350 474 240 276 90 452
 312 176 24 26 236 391 260 127 122 178
 409
 112 852 42 687 555 76 377 691 987 985
 280 428 308 407 251 145 934 203 387 462
 900 82 469 223 48 820 85 93 485 156
 60 576 523 901 526 878 271 546 794 345
 110 818 630 859 681 7 778 471 990 459
 360 413 524 528 29 127 345 897 684 111
 519 958 544 243 403 776 843 826 813 577
 734 51 335 367 193 332 293 361 130 442
 90 726 650 606 984 479 882 166 594 486
 408 554 552 402 758 296 492 883 511 934
 516 805 43 262 206 643 410 611 36 134
 170 961 495 566 604 802 387 407 418 600
 675 513 526 479 651 53 912 117 278 437
 506 44 165 833 25 800 807 395 993 218
 527 64 292 519 718 213 228 531 637 408
 415 971 966 817 608 589 216 202 882 622
 726 688 471 836 96 156 455 996 308 518
 698 52 717 615 26 131 9 188 9 673
 745 626 875 713 158 191 633 531 583 951
 186 971 308 360 151 775 271 966 8 149
 451 282 116 633 887 88 942 683 429 451
 804 53 108 431 436 671 873 970 652 567
 909 473 236 118 876 912 745 388 448 311
 598 242 428 147 131 407 752 912 737 831
 265 857 483 187 659 9 325 459 358 742
 58