750
 334 272 249 74 188 186 77 263 323 100
 132 132 461 10 130 217 281 437 290 42
 371 410 21 474 18 468 212 19 379 41
 143 226 446 353 437 118 430 393 483 339
 165 53 87 295 321 53 124 226 298 34
 400 421 68 28 48 271 431 1 460 326
 88 111 211 75 324 31 19 237 153 229
 198 38 211 263 324 172 467 59 112 96
 36 217 248 333 357 131 51 45 276 494
 300 62 5 367 239 405 477 496 250 308
 436 139 43 335 477 416 230 299 73 247
 172 295 112 145 442 290 465 235 273 212
 227 227 189 74 475 87 8 142 19 484
 84 159 51 280 247 386 391 416 431 34
 268 142 160 3 116 31 480 296 393 422
 194 149 373 58 223 260 498 370 260 151
 271 493 149 45 319 66 14 450 207 71
 399 147 186 105 196 274 278 113 399 252
 291 39 347 382 337 165 499 124 330 429
 398 29 101 277 489 198 188 317 23 390
 309 307 276 480 49 293 164 427 428 465
 111 289 72 280 463 201 486 334 451 303
 106 308 473 403 162 25 165 242 394 176
 234 476 335 201 335 166 219 92 411 406
 352 145 32 117 314 127 352 202 115 242
 280 114 25 168 159 362 200 420 366 431
 349 249 16 440 357 379 403 283 223 403
 228 132 72 466 364 203 43 281 121 40
 409 455 349 287 371 185 308 83 159 474
 421 454 278 258 112 127 403 207 143 212
 263 19 142 460 44 143 371 111 83 310
 335 402 118 341 475 35 224 495 340 193
 346 465 117 153 196 101 285 118 400 300
 209 29 251 217 128 211 455 496 96 426
 214 192 58 411 143 159 12 115 40 340
 337 231 63 223 140 435 33 369 478 154
 301 408 377 353 404 78 315 296 21 354
 319 298 418 256 31 259 147 325 133 495
 180 1 232 202 128 257 151 158 379 450
 351 112 147 382 357 403 36 64 242 304
 370 403 3 401 332 294 394 13 277 110
 251 137 389 23 124 420 376 136 3 394
 435 342 464 214 477 217 182 27 374 483
 166 77 271 146 92 287 279 176 306 72
 210 405 372 185 335 447 391 242 134 407
 446 366 20 347 37 362 81 384 106 6
 133 5 393 387 454 451 326 47 66 57
 129 159 257 189 319 293 143 382 494 316
 411 487 322 488 260 3 184 59 326 412
 417 385 351 121 131 412 260 180 231 443
 391 439 424 424 339 176 238 288 155 82
 6 329 163 147 7 172 295 73 9 372
 457 108 374 360 455 28 444 270 245 133
 333 390 472 486 120 241 273 457 373 109
 257 437 77 172 316 189 231 65 90 208
 325 286 230 161 297 434 151 389 42 226
 411 456 152 485 456 297 216 469 406 317
 15 406 359 258 12 469 100 365 303 149
 131 54 268 16 233 169 131 469 34 109
 38 127 451 139 362 395 428 292 350 428
 33 181 272 415 343 480 66 84 353 293
 250 440 43 126 214 114 250 93 113 377
 158 365 394 262 314 425 399 226 424 293
 201 7 114 20 112 56 405 455 388 300
 403 22 283 468 71 329 253 21 34 227
 489 467 494 229 498 72 103 465 96 171
 35 374 6 153 377 134 350 330 484 179
 381 411 296 105 413 347 210 101 211 427
 452 63 273 211 499 178 302 308 124 58
 333 398 159 203 276 458 471 76 474 460
 331 187 325 91 288 313 69 372 180 27
 198 489 85 356 476 94 32 245 377 285
 322 286 154 189 151 237 331 336 281 462
 62 350 72 150 59 442 224 497 420 271
 478 333 485 98 205 43 455 231 8 499
 89
 809 333 224 276 881 296 177 124 225 970
 750 120 286 920 239 192 19 177 279 135
 20 252 44 620 894 612 793 410 998 990
 438 388 276 809 207 836 867 660 644 653
 538 713 439 6 22 273 172 624 65 89
 439 419 244 997 752 885 427 46 776 799
 187 444 435 4 848 782 620 444 610 4
 879 125 438 805 718 344 425 539 720 230
 160 887 116 335 98 872 99 983 309 629
 704 12 206 119 598 458 467 579 836 637
 759 334 360 350 371 261 474 397 47 407
 261 822 897 130 272 381 104 882 182 162
 14 493 547 866 392 99 747 879 879 15
 100 719 444 244 861 935 558 795 89 663
 194 554 413 447 873 785 446 790 681 556
 259 308 106 602 781 635 226 665 737 584
 617 429 642 225 427 161 970 236 271 246
 1 671 712 672 352 627 169 844 968 165
 982 257 393 141 884 573 748 681 894 702
 81 706 888 931 234 162 818 16 619 822
 921 406 744 755 636 206 135 640 739 834
 600 504 719 761 711 584 451 38 129 328
 512 3 205 32 168 36 217 293 485 251
 488 707 374 211 278 882 538 612 518 106
 52 25 581 778 566 853 821 886 296 424
 774 926 6 627 656 927 907 655 301 989
 21 260 194 557 915 307 320 526 534 682
 381 486 587 913 200 368 847 845 798 390
 112 639 501 740 150 379 221 973 661 565
 998 781 544 429 795 411 285 889 200 393
 544 239 354 41 405 931 234 556 460 347
 234 448 378 456 531 20 806 483 846 666
 807 65 967 835 872 626 565 707 526 213
 709 855 456 864 605 321 36 866 719 30
 524 481 662 633 260 675 344 752 370 268
 944 175 755 539 974 607 541 253 811 41
 237 252 228 747 915 397 561 377 631 438
 28 671 286 462 509 186 474 379 64 486
 248 229 225 387 662 784 601 828 842 815
 142 118 130 422 687 434 169 506 380 344
 769 478 561 47 600 721 445 475 36 188
 502 233 173 604 880 782 810 603 483 768
 357 314 590 359 137 519 975 514 220 576
 628 207 202 154 584 322 624 174 752 616
 718 59 381 799 119 819 484 644 354 849
 774 971 995 337 175 337 848 799 558 755
 237 608 582 791 6 837 699 108 52 609
 206 980 851 952 127 179 915 725 732 353
 724 756 424 364 969 873 424 850 264 668
 126 41 857 844 108 302 32 228 516 288
 740 134 132 912 217 470 889 612 433 972
 516 249 958 548 797 426 101 276 466 599
 595 6 718 552 249 309 121 413 442 131
 617 166 413 565 815 868 896 68 648 198
 400 295 911 419 375 526 848 788 625 349
 615 250 538 454 849 54 852 714 270 490
 470 347 472 400 266 154 698 762 435 624
 187 189 868 336 67 996 295 866 751 189
 628 44 211 985 295 713 758 125 871 19
 756 198 380 123 271 717 302 619 694 745
 854 248 698 255 993 546 984 718 143 712
 190 348 67 246 991 847 534 947 879 966
 218 215 498 275 118 373 19 841 345 595
 650 366 634 97 408 236 279 682 603 625
 40 232 888 502 970 153 898 61 816 545
 4 1 246 720 22 706 931 676 22 76
 763 124 327 216 537 102 972 984 972 588
 416 742 134 99 617 68 325 728 569 186
 395 24 662 847 204 252 58 22 894 165
 821 739 392 476 436 574 640 524 43 19
 783 322 332 96 196 655 941 889 522 103
 192 943 5 119 208 340 258 216 30 664
 280 476 105 71 205 750 572 255 713 0
 151 419 989 989 721 110 838 260 17 490
 276 374 451 177 871 724 766 530 133 534
 601