250
 388 471 52 178 167 134 6 102 147 49
 393 418 412 320 488 353 169 17 281 129
 62 100 128 230 394 394 187 24 458 322
 184 85 226 342 324 114 92 436 32 68
 479 180 211 179 3 408 273 338 318 257
 414 210 420 164 279 252 440 390 228 305
 404 476 399 64 185 331 286 240 296 101
 150 169 333 208 246 199 376 14 485 192
 246 26 335 47 237 195 195 345 258 250
 262 350 474 240 276 90 452 312 176 24
 26 236 391 260 127 122 178 409 56 426
 21 343 277 38 188 345 493 492 140 214
 154 203 125 72 467 101 193 231 450 41
 234 111 24 410 42 46 242 78 30 288
 261 450 263 439 135 273 397 172 55 409
 315 429 340 3 389 235 495 229 180 206
 262 264 14 63 172 448 342 55 259 479
 272 121 201 388 421 413 406 288 367 25
 167 183 96 166 146 180 65 221 45 363
 325 303 492 239 441 83 297 243 204 277
 276 201 379 148 246 441 255 467 258 402
 21 131 103 321 205 305 18 67 85 480
 247 283 302 401 193 203 209 300 337 256
 263 239 325 26 456 58 139 218 253 22
 82 416 12 400 403 197 496 109 263 32
 146
 519 718 213 228 531 637 408 415 971 966
 817 608 589 216 202 882 622 726 688 471
 836 96 156 455 996 308 518 698 52 717
 615 26 131 9 188 9 673 745 626 875
 713 158 191 633 531 583 951 186 971 308
 360 151 775 271 966 8 149 451 282 116
 633 887 88 942 683 429 451 804 53 108
 431 436 671 873 970 652 567 909 473 236
 118 876 912 745 388 448 311 598 242 428
 147 131 407 752 912 737 831 265 857 483
 187 659 9 325 459 358 742 58 655 933
 200 325 245 593 478 846 587 671 654 723
 325 339 172 963 54 227 798 318 633 757
 754 704 27 940 293 494 301 149 629 226
 861 741 666 882 249 714 791 276 184 31
 435 375 70 274 381 910 523 88 971 451
 582 346 913 787 269 517 240 629 516 111
 934 64 418 72 238 105 772 943 530 771
 522 241 714 503 801 822 901 779 218 86
 808 594 279 839 296 512 335 536 948 600
 136 927 623 81 610 521 200 842 552 202
 761 527 422 545 169 180 386 540 995 89
 827 53 131 602 769 381 733 306 607 406
 559 617 948 564 456 727 577 70 944 487
 540 508 499 142 776 659 555 444 960 623
 21