500
 297 127 405 165 361 9 390 266 147 322
 405 150 184 358 99 361 272 176 446 330
 391 133 82 248 480 149 331 124 91 292
 389 439 173 482 125 176 448 328 212 73
 276 407 360 35 49 471 196 339 171 465
 256 143 464 382 414 110 481 12 311 273
 213 369 402 364 117 451 2 103 395 11
 189 146 164 115 276 247 292 233 320 199
 191 378 161 97 261 13 265 143 29 335
 12 207 402 495 156 276 17 118 245 176
 399 344 197 272 277 487 398 439 153 441
 49 488 164 277 176 5 2 412 249 310
 232 112 104 9 169 451 358 200 140 204
 399 35 235 27 144 50 391 403 405 173
 398 286 146 417 191 472 22 124 488 346
 469 11 405 281 91 213 246 277 230 181
 422 90 163 409 171 392 175 153 202 84
 280 352 31 116 356 365 452 316 343 293
 252 229 328 58 430 403 190 457 408 253
 313 21 351 297 319 3 441 140 255 295
 23 210 246 496 208 444 422 323 281 71
 176 164 216 349 49 382 444 170 400 211
 353 288 262 24 475 66 52 103 81 466
 70 319 247 260 241 67 372 331 124 134
 159 45 182 176 225 258 35 289 451 313
 151 489 27 29 43 377 226 415 359 384
 338 444 200 225 60 124 257 29 403 200
 74 450 376 199 213 201 271 7 43 436
 76 428 172 266 31 401 393 156 26 424
 453 354 97 471 39 329 220 386 151 431
 149 305 410 293 386 396 47 468 170 255
 34 8 201 129 206 151 19 437 495 479
 136 233 158 199 365 47 265 43 30 44
 101 449 475 52 442 110 258 238 181 118
 424 111 124 171 23 277 47 68 213 312
 98 48 475 466 356 248 6 477 270 198
 284 69 296 59 341 169 186 218 305 164
 206 399 305 190 283 160 498 478 387 37
 43 414 394 43 451 282 336 45 432 32
 60 321 21 403 103 115 143 355 128 14
 470 104 127 300 432 495 206 291 359 397
 38 372 251 173 129 326 331 96 300 266
 0 468 332 238 369 484 187 23 481 388
 478 197 393 30 240 295 404 262 394 73
 253 158 299 390 485 397 183 316 438 379
 257 277 71 430 269 98 350 114 344 114
 284 114 381 344 271 48 479 111 50 489
 405 151 302 391 106 90 112 365 260 9
 197 13 161 138 120 402 398 263 37 328
 87 165 218 444 211 51 492 316 351 40
 469
 46 430 421 786 475 284 62 914 724 644
 885 179 333 124 12 686 22 914 316 627
 391 832 505 640 754 239 699 37 487 123
 319 370 25 431 969 799 772 776 718 506
 654 608 125 822 101 342 936 189 616 232
 661 358 138 865 252 619 563 454 16 245
 594 839 312 164 969 404 650 268 536 213
 64 732 171 938 508 768 849 890 890 792
 617 615 390 161 912 407 575 194 765 193
 475 363 757 577 145 83 443 889 668 574
 421 401 412 818 456 102 240 722 12 801
 196 23 71 469 244 769 519 836 994 434
 772 481 904 539 71 746 765 191 944 438
 406 515 935 595 915 871 488 973 710 502
 98 87 486 305 471 377 376 192 265 266
 793 335 633 49 365 231 385 974 539 89
 452 862 12 224 602 643 75 421 972 245
 280 440 191 0 55 159 135 64 368 271
 997 551 253 172 975 60 664 371 368 934
 743 798 283 804 266 628 380 639 820 220
 768 457 928 594 902 836 883 561 177 831
 656 118 792 259 5 400 410 172 787 731
 241 864 312 162 675 763 572 401 571 446
 40 794 684 784 152 176 275 843 457 182
 857 719 890 145 431 735 871 24 674 435
 414 34 0 966 735 848 317 928 840 306
 225 588 635 626 115 235 928 954 101 250
 976 284 905 771 565 644 444 687 970 830
 829 61 88 154 811 523 888 714 815 643
 698 433 526 763 433 124 37 374 797 729
 209 22 117 230 670 627 148 127 55 140
 812 479 401 970 149 37 349 982 804 743
 145 977 849 246 28 670 446 538 2 602
 914 608 685 749 567 50 922 255 145 980
 692 153 823 207 605 269 56 573 333 967
 400 397 925 267 586 934 798 241 702 651
 400 113 173 369 112 522 292 8 982 16
 328 505 97 0 991 500 447 504 939 518
 294 434 279 159 641 252 596 91 522 868
 388 376 693 728 525 237 457 859 521 569
 781 483 806 69 50 894 419 813 178 658
 253 363 612 632 677 931 234 679 341 110
 229 197 783 175 805 603 395 540 989 226
 470 441 544 836 143 557 150 256 474 546
 825 651 230 319 420 913 76 891 659 545
 337 23 413 883 498 27 599 489 579 483
 194 315 431 812 624 735 286 848 183 16
 480 116 80 108 959 425 629 292 377 132
 375 526 810 723 949 789 45 587 124 633
 648 828 210 865 166 444 266 195 406 8
 637