500
 79 382 188 370 449 483 236 182 448 229
 251 480 249 301 417 456 195 129 17 300
 141 349 208 357 360 159 264 364 99 207
 33 234 218 112 245 45 414 89 77 459
 244 451 227 41 168 82 486 386 462 322
 292 451 185 278 300 218 128 1 13 52
 206 443 201 61 245 16 299 182 364 141
 473 2 384 204 41 377 220 442 414 489
 174 283 387 426 475 257 382 164 164 240
 318 151 387 178 118 71 122 88 117 298
 57 30 381 267 377 442 449 395 57 272
 198 77 320 167 404 264 414 133 409 474
 448 215 38 320 177 394 220 124 238 142
 203 425 205 50 237 498 459 424 166 388
 330 52 335 353 390 321 233 127 298 294
 10 425 104 82 381 355 469 448 331 462
 104 350 100 192 389 109 193 298 293 467
 314 29 282 276 266 304 127 401 102 223
 267 35 73 318 48 486 352 112 452 190
 26 448 191 492 492 235 40 119 49 125
 304 203 44 269 79 418 58 62 211 414
 87 323 125 166 236 165 387 494 334 4
 246 498 418 18 200 301 466 408 329 144
 385 144 62 380 170 398 395 355 83 127
 353 324 220 381 8 77 95 103 59 372
 309 329 282 8 100 222 263 494 77 392
 279 482 255 10 461 85 471 256 448 21
 279 302 375 310 453 359 238 87 408 204
 274 18 246 105 257 245 264 191 411 454
 79 152 342 399 389 152 449 58 118 373
 460 94 337 347 468 481 379 196 160 404
 214 263 69 229 482 23 160 291 334 235
 70 395 178 167 117 411 19 344 319 245
 2 458 327 480 67 398 4 178 97 54
 332 488 139 216 229 335 339 71 141 138
 167 223 306 133 210 342 81 25 355 220
 279 23 252 1 93 484 102 258 209 111
 23 352 333 190 214 362 422 486 95 402
 262 73 39 496 16 160 177 378 359 125
 280 302 69 142 335 490 227 309 372 407
 370 25 64 17 394 355 334 451 326 317
 495 483 281 92 31 43 353 212 264 198
 212 219 198 209 262 294 37 417 380 249
 202 169 464 358 322 214 307 390 68 312
 224 405 118 452 325 399 438 247 294 343
 418 305 265 293 173 255 163 319 416 443
 136 293 480 110 438 16 332 410 325 445
 76 443 11 176 118 81 55 486 106 159
 179 107 137 289 269 220 336 335 114 103
 377 328 11 152 335 66 169 419 368 128
 13
 830 230 155 604 894 269 69 410 706 796
 693 351 925 127 285 431 345 144 475 706
 511 693 969 935 956 230 817 281 516 111
 213 223 164 43 151 171 301 116 0 312
 293 124 377 316 435 941 285 288 535 660
 242 73 181 486 345 637 966 496 888 242
 722 310 487 372 156 530 616 454 544 660
 271 714 78 932 28 597 963 899 949 147
 385 693 748 415 249 561 82 484 662 400
 669 745 947 687 837 195 106 301 173 216
 605 141 456 869 807 175 929 766 461 884
 619 303 16 599 677 527 244 663 337 507
 40 107 792 683 199 118 882 401 33 185
 312 828 595 20 41 360 389 948 187 377
 65 904 897 195 408 516 724 802 904 528
 27 157 682 315 473 302 981 475 707 215
 374 566 886 293 972 328 382 426 809 843
 954 480 41 44 997 924 355 901 203 289
 848 280 973 365 757 205 973 872 878 776
 689 926 501 900 544 647 100 930 471 16
 814 683 480 625 533 282 798 701 922 536
 608 679 164 414 42 815 681 990 378 75
 64 468 896 420 552 214 280 306 8 62
 794 495 875 478 289 742 237 699 657 285
 476 319 268 794 675 496 128 695 354 621
 476 697 129 423 498 202 359 504 86 547
 104 195 53 774 227 331 130 712 312 601
 243 521 188 974 645 20 843 651 587 493
 840 177 818 677 316 891 649 703 41 608
 494 893 413 894 293 891 560 676 508 308
 991 207 171 229 281 658 955 375 135 947
 813 749 352 411 702 199 450 316 1 465
 878 12 257 957 904 451 208 879 893 984
 668 523 322 657 607 930 725 190 21 379
 840 191 396 953 220 924 637 165 306 551
 91 776 472 1 0 463 587 500 92 865
 44 832 71 164 992 43 716 369 994 668
 794 634 549 298 193 548 470 916 721 750
 630 797 287 776 71 274 522 316 851 353
 654 858 567 292 287 106 891 225 951 28
 478 956 959 997 446 919 927 152 344 497
 43 487 52 747 604 3 449 782 215 585
 183 698 526 746 262 574 863 73 656 805
 640 869 479 20 426 349 892 35 638 921
 567 687 147 283 897 66 788 588 14 979
 351 117 723 517 850 788 931 379 101 861
 617 862 891 941 824 349 583 452 990 39
 222 181 542 554 704 33 633 599 674 624
 857 404 463 969 192 273 643 995 690 176
 969 887 111 933 777 309 830 544 766 4
 699