500
 462 481 485 337 71 144 23 397 444 76
 297 340 83 162 243 196 404 333 26 397
 383 286 375 283 188 132 365 387 166 307
 0 439 368 176 375 160 378 102 307 275
 451 194 106 228 373 171 248 249 416 42
 325 72 420 302 458 392 455 199 127 89
 38 377 66 168 144 372 180 72 200 8
 442 421 97 441 267 31 347 396 496 57
 142 253 102 418 291 398 342 384 160 22
 179 313 254 234 259 413 288 461 240 236
 124 58 366 404 158 311 206 431 384 393
 347 182 303 450 239 120 86 333 322 482
 121 252 187 197 6 168 220 12 466 260
 135 30 355 479 38 233 220 317 110 271
 441 42 285 352 1 435 462 154 265 127
 151 347 319 39 186 128 489 53 388 386
 420 60 444 128 9 497 68 109 124 359
 232 316 13 279 450 3 176 419 212 477
 268 257 119 315 236 442 410 383 76 286
 229 86 482 300 217 390 401 44 437 460
 8 309 136 3 373 275 90 250 314 151
 420 276 90 165 257 79 190 330 65 299
 20 275 217 413 238 430 238 141 205 362
 79 467 140 90 333 102 325 360 387 321
 116 128 381 170 124 492 357 153 390 493
 394 41 394 474 308 220 342 416 30 21
 50 199 443 420 321 448 66 74 238 343
 178 251 192 436 455 176 227 246 211 142
 81 44 266 164 5 194 237 455 361 54
 189 156 170 477 50 108 31 238 303 68
 77 111 162 101 290 336 142 326 264 24
 63 448 30 366 272 358 452 45 246 51
 241 475 289 414 1 476 72 222 165 67
 348 103 289 105 25 198 292 139 466 149
 7 282 448 411 408 330 342 291 334 362
 260 479 181 447 118 256 37 76 312 374
 467 373 55 272 25 65 305 28 202 488
 187 276 342 481 417 93 191 24 45 434
 266 396 45 207 55 336 296 260 19 267
 310 91 404 430 182 287 310 436 45 472
 487 490 11 334 224 228 184 114 415 184
 365 470 392 205 239 183 72 273 391 13
 215 309 361 196 165 302 355 35 450 59
 110 96 455 351 267 459 145 361 221 308
 351 10 447 379 231 482 332 79 418 362
 325 312 249 154 57 385 0 131 459 227
 12 390 181 391 248 483 421 483 367 314
 188 419 405 103 426 283 450 215 86 128
 315 365 318 410 270 163 67 65 159 196
 35 213 7 95 187 99 343 102 271 109
 25
 242 808 290 372 692 93 456 844 237 495
 915 286 880 498 600 713 173 324 748 956
 653 286 890 543 518 480 544 391 550 359
 45 871 420 227 33 713 473 612 91 223
 707 696 726 451 471 730 378 744 577 275
 271 965 436 743 794 71 952 852 375 461
 345 10 302 948 479 886 133 315 142 906
 566 116 402 342 674 657 961 889 551 699
 612 222 255 200 146 776 362 745 87 287
 210 605 499 769 644 787 558 487 722 477
 434 475 662 87 164 353 476 315 6 597
 537 476 115 249 979 193 827 915 797 306
 484 840 733 25 35 124 782 514 108 853
 136 136 995 565 200 112 858 800 5 899
 148 39 339 683 506 945 685 248 536 449
 695 43 313 954 720 389 783 320 587 157
 482 441 73 784 568 614 329 878 657 981
 330 234 331 732 218 494 170 460 519 703
 686 473 800 912 783 106 429 433 673 736
 6 190 587 283 814 757 64 336 159 694
 675 146 858 774 614 168 890 959 307 749
 608 362 107 954 997 478 773 857 468 871
 931 631 527 90 905 35 640 850 695 489
 494 589 990 486 291 410 651 525 595 292
 676 8 902 141 945 520 291 662 193 724
 818 775 857 75 856 289 669 273 353 716
 273 558 838 710 140 699 154 954 60 375
 428 809 42 698 760 142 983 109 348 837
 408 412 841 359 360 780 178 4 64 470
 663 420 132 501 480 38 133 617 201 75
 647 895 586 162 173 445 335 385 140 894
 442 558 446 373 514 725 886 105 233 865
 358 287 205 509 497 382 202 629 235 872
 836 223 514 789 443 384 198 507 415 380
 9 922 210 692 279 912 639 584 932 91
 432 864 495 564 949 709 44 761 952 815
 514 447 273 668 901 892 521 655 835 673
 295 215 995 844 999 602 709 687 740 93
 173 534 831 415 332 592 603 645 272 985
 796 267 875 352 16 276 696 286 293 595
 316 102 85 334 805 936 514 725 232 353
 566 562 123 930 448 860 886 979 306 240
 922 361 298 18 925 720 712 7 432 489
 20 738 880 656 119 66 663 587 204 347
 391 456 346 687 773 831 489 161 128 393
 149 79 768 309 294 486 69 246 825 803
 717 739 883 418 273 398 947 473 339 517
 923 513 745 63 713 604 50 432 765 196
 867 184 372 671 903 247 629 324 445 971
 909 442 775 625 741 395 869 82 488 255
 846