500
 146 170 28 310 210 86 156 87 450 457
 452 159 104 183 437 198 154 265 186 259
 269 273 401 77 349 149 320 379 387 100
 132 411 142 185 343 58 223 184 434 44
 413 320 336 317 13 357 263 415 321 217
 444 76 467 95 254 365 391 403 390 403
 338 326 381 280 289 326 343 332 338 480
 11 144 404 192 357 340 40 20 356 174
 451 166 422 267 385 210 441 444 39 488
 418 272 180 305 183 275 21 282 24 490
 244 116 300 365 394 222 371 129 11 30
 423 128 362 204 43 296 132 75 443 438
 41 297 46 80 288 125 116 34 95 236
 377 62 243 162 189 162 105 209 315 245
 457 477 22 356 365 354 382 298 21 376
 431 263 176 307 147 65 182 325 114 421
 434 472 496 178 71 153 377 149 130 437
 228 303 278 259 34 429 15 454 386 139
 3 117 174 23 427 33 2 3 60 4
 100 102 295 439 329 11 183 325 480 312
 480 30 93 300 439 304 13 153 422 89
 291 247 27 457 262 121 370 253 100 384
 198 82 401 143 356 395 80 396 21 175
 153 80 394 375 247 313 229 304 198 319
 485 310 100 173 131 94 279 72 67 188
 83 197 51 165 214 446 75 180 365 343
 334 430 426 201 395 235 444 464 1 223
 223 296 104 262 433 55 421 436 387 236
 63 470 467 341 60 101 402 207 321 403
 68 55 10 50 107 444 149 97 239 324
 442 487 86 233 453 312 44 204 384 232
 466 210 54 415 37 294 263 21 169 146
 256 386 479 19 284 128 487 376 188 377
 263 66 17 363 260 495 427 139 262 168
 413 440 141 265 261 441 281 52 184 330
 174 90 30 322 296 20 300 189 104 110
 420 249 253 205 204 325 141 304 159 63
 360 274 381 113 158 83 49 71 351 495
 172 190 493 427 301 21 406 98 195 5
 277 172 179 340 424 450 166 64 298 18
 422 146 372 39 159 343 302 458 459 165
 470 196 180 21 354 277 456 485 61 125
 487 21 470 134 125 444 325 386 84 405
 106 338 436 51 212 397 29 95 220 20
 297 220 57 84 327 293 487 382 371 210
 155 496 411 7 381 178 351 140 63 188
 298 277 234 248 343 2 100 377 482 32
 158 432 158 1 226 204 240 345 344 268
 436 108 348 448 87 181 24 440 223 269
 405 277 139 154 14 23 363 29 187 258
 157
 574 47 209 902 580 521 490 863 187 493
 637 321 876 291 811 661 182 253 671 389
 728 714 423 134 157 109 474 361 112 338
 907 682 650 532 129 900 163 615 197 767
 459 630 975 209 592 181 667 529 74 787
 738 101 340 661 46 982 472 900 612 272
 745 234 500 289 805 747 465 580 28 947
 266 643 899 827 775 709 857 152 490 812
 532 6 214 135 491 896 340 725 670 811
 370 290 436 880 777 757 765 688 491 404
 48 786 859 568 42 745 997 567 283 222
 596 470 233 587 884 916 917 700 38 207
 203 892 873 155 172 481 941 203 404 201
 389 143 445 339 296 346 193 630 617 129
 830 184 453 159 164 703 833 746 636 423
 438 489 26 439 280 234 203 205 689 84
 265 569 43 829 959 833 974 141 934 250
 268 247 204 16 57 204 359 441 870 497
 444 765 32 724 97 585 120 279 777 382
 157 142 201 22 707 966 493 715 944 638
 952 179 138 697 697 689 637 890 651 425
 550 961 254 409 597 674 41 401 360 311
 105 498 939 673 339 914 428 866 326 922
 879 412 859 347 48 692 651 142 56 419
 467 659 153 200 51 492 280 46 927 363
 341 629 454 685 550 508 320 416 327 213
 832 250 562 899 267 127 508 878 24 255
 220 516 483 997 428 354 684 15 39 138
 596 995 649 194 925 802 48 140 750 724
 62 883 66 797 633 312 249 959 130 177
 233 538 325 259 87 900 744 548 554 869
 405 741 814 433 696 795 837 322 856 463
 199 242 637 792 939 127 870 972 127 374
 633 198 393 244 360 89 51 30 514 708
 573 200 435 479 495 139 155 451 344 330
 12 674 443 129 20 56 388 308 791 929
 204 70 307 791 728 712 631 604 371 83
 443 643 736 376 546 402 892 595 545 747
 531 322 523 304 552 804 180 557 885 961
 468 291 985 594 85 973 784 35 208 214
 669 315 396 242 688 876 70 547 3 554
 112 989 583 468 909 258 580 505 359 509
 467 934 992 869 527 196 281 587 907 899
 341 281 783 130 267 485 255 911 613 563
 18 289 255 284 381 408 529 656 27 557
 57 998 854 636 647 843 292 51 427 15
 735 584 832 980 471 737 537 103 194 462
 343 854 848 123 801 840 825 597 105 700
 273 967 370 11 708 740 908 254 903 836
 636 568 315 408 174 94 262 550 868 74
 981