500
 90 193 270 497 44 413 26 65 301 384
 190 366 153 303 203 279 308 474 282 228
 363 288 35 472 243 270 254 249 71 388
 329 277 222 480 311 10 204 252 177 361
 127 31 266 371 270 253 432 30 348 84
 458 56 3 79 211 204 68 303 96 309
 444 13 234 353 132 26 430 154 365 27
 128 359 319 331 140 396 185 32 76 432
 27 414 148 91 236 256 438 455 29 106
 406 156 361 304 155 146 70 14 370 167
 337 351 417 321 4 27 434 331 481 371
 371 97 99 432 350 63 331 6 360 123
 274 105 318 243 319 476 369 170 274 265
 172 351 35 351 238 202 194 307 204 99
 16 399 100 10 414 358 261 215 147 120
 369 364 54 333 480 106 118 403 352 7
 216 471 466 4 409 43 451 120 155 462
 137 228 376 251 308 398 28 162 401 161
 65 477 388 161 407 276 433 238 8 385
 35 443 218 374 121 104 188 0 349 304
 368 184 163 96 8 367 345 486 453 408
 371 417 199 118 494 349 491 178 26 204
 361 422 245 163 150 343 392 335 499 480
 71 199 301 399 417 315 282 393 114 25
 301 261 311 106 195 229 308 277 315 72
 89 429 176 296 327 21 62 450 449 140
 401 157 37 145 491 485 388 123 151 152
 292 491 200 229 3 74 308 472 157 304
 315 30 300 199 231 491 154 428 436 208
 215 424 291 319 262 32 126 175 435 293
 132 313 141 276 129 84 13 341 409 386
 145 152 77 110 482 136 316 49 5 173
 226 495 394 326 242 420 213 247 421 314
 269 114 247 260 250 239 138 254 429 361
 313 404 158 180 181 198 307 100 487 296
 492 83 438 160 78 245 337 131 152 158
 137 166 100 394 130 74 47 470 197 48
 254 342 152 492 200 420 345 396 158 166
 97 161 441 169 295 220 349 324 245 70
 267 79 395 307 23 271 136 102 178 378
 395 363 434 434 275 171 456 22 275 320
 379 484 443 442 356 276 453 184 41 133
 491 114 150 156 366 224 266 49 209 414
 213 193 472 488 46 420 225 160 329 271
 149 334 475 7 404 22 140 31 145 306
 62 284 276 483 222 439 477 75 419 252
 112 208 207 19 184 448 42 203 38 332
 79 245 401 409 160 467 80 357 226 455
 71 308 87 35 348 223 470 392 125 265
 393 496 0 71 387 313 41 76 62 453
 160
 507 223 25 53 582 322 373 372 880 56
 698 504 365 20 345 680 940 763 808 416
 395 720 906 327 175 287 670 115 854 493
 855 93 380 223 146 472 770 878 149 191
 53 601 552 671 892 410 32 794 30 101
 570 18 41 470 156 773 893 427 469 600
 171 866 815 581 717 54 923 270 769 916
 335 553 232 926 543 561 329 948 889 842
 979 803 596 604 214 497 52 195 484 313
 862 676 629 714 593 633 801 801 488 410
 890 909 690 634 757 837 953 688 725 852
 288 329 119 604 47 378 154 173 207 499
 491 238 954 405 117 879 58 857 832 188
 956 639 646 752 510 696 70 521 394 745
 868 61 750 225 810 94 602 306 980 315
 666 527 775 681 863 884 144 298 264 46
 313 37 365 403 328 439 755 417 256 391
 140 224 805 293 57 572 765 831 420 65
 854 983 509 376 628 891 966 315 650 960
 167 382 290 980 85 718 272 541 846 610
 411 972 827 859 175 203 524 125 682 32
 736 447 563 422 780 553 234 91 48 676
 667 685 205 186 421 669 418 838 861 570
 592 601 950 590 910 711 343 602 161 863
 365 111 984 971 129 538 918 97 545 778
 572 107 258 380 522 508 143 623 818 181
 549 368 74 639 635 628 836 973 314 438
 770 965 878 457 190 402 404 737 552 523
 37 275 512 274 272 956 279 906 141 241
 521 509 208 334 527 715 607 196 111 751
 767 247 222 171 472 515 337 722 54 702
 235 196 505 628 40 222 362 88 931 831
 408 496 224 307 330 952 245 355 37 978
 896 197 595 504 641 293 284 77 574 42
 542 400 774 917 513 368 355 333 593 15
 355 427 805 934 835 775 612 939 380 878
 252 537 949 150 640 520 364 733 32 788
 581 952 571 564 353 316 624 735 451 169
 284 43 24 749 730 150 54 91 45 297
 397 743 277 403 486 992 32 287 464 367
 586 520 603 296 772 676 89 209 656 902
 5 327 466 284 90 456 680 456 347 669
 720 695 443 238 955 656 332 655 55 507
 701 411 7 384 958 966 159 234 529 805
 721 449 899 9 139 260 661 249 22 90
 164 204 95 286 799 418 543 857 161 207
 349 879 864 749 792 594 173 692 590 720
 617 931 385 74 101 535 715 441 242 60
 378 40 845 79 333 150 43 941 180 582
 709 885 732 879 95 30 66 746 376 54
 1