1000
 135 384 458 167 276 116 463 271 280 164
 474 444 421 489 401 298 302 107 248 26
 97 242 156 431 338 314 357 296 316 400
 400 244 205 445 454 345 317 378 418 476
 344 362 426 144 164 59 302 23 189 77
 86 103 249 245 119 477 202 58 439 29
 428 416 94 478 319 323 376 255 348 35
 260 197 372 434 30 375 112 405 47 301
 153 490 157 333 263 387 340 431 442 72
 149 132 23 156 18 182 201 164 219 377
 208 128 195 70 112 402 146 28 286 382
 415 210 32 427 491 254 188 314 445 483
 157 325 480 83 191 145 490 42 359 136
 270 423 305 205 486 413 429 87 101 262
 62 341 16 368 223 281 211 390 276 117
 45 24 338 333 342 102 93 210 334 209
 419 430 285 296 300 475 295 455 355 171
 301 80 431 182 55 492 485 64 269 459
 48 272 389 286 53 129 190 261 254 71
 311 409 90 274 184 37 319 317 314 418
 486 157 219 385 482 439 228 95 201 202
 368 276 261 18 137 256 137 136 478 139
 453 70 120 260 254 104 167 263 357 303
 98 55 375 383 123 111 85 236 257 168
 361 27 351 117 98 252 314 20 111 181
 44 465 415 204 248 112 153 165 476 122
 177 18 489 448 98 297 252 320 146 142
 38 287 21 271 200 387 458 256 184 177
 166 296 7 177 213 402 467 417 387 306
 469 190 439 126 268 474 75 320 260 182
 366 16 394 290 476 285 282 176 158 312
 367 225 84 142 21 12 374 365 75 27
 45 22 148 198 371 138 201 243 496 16
 143 232 183 293 260 301 148 386 338 44
 104 328 451 2 163 233 142 45 228 340
 228 173 334 360 347 221 119 477 328 166
 327 27 253 350 205 3 192 479 483 79
 117 264 402 360 224 449 4 69 130 330
 124 11 45 82 102 47 143 399 209 271
 428 80 103 174 439 432 374 396 297 86
 346 295 360 308 465 192 37 50 267 357
 220 121 30 189 20 422 39 166 75 21
 470 90 291 354 442 366 439 47 15 33
 373 188 27 0 15 90 379 452 230 21
 231 206 420 1 313 149 50 249 365 176
 63 430 322 33 318 219 362 411 107 318
 346 346 383 52 377 88 191 308 495 263
 92 447 297 291 10 158 467 168 194 322
 139 10 446 426 341 490 295 226 29 200
 409 381 243 331 351 385 182 457 164 73
 269 199 411 288 429 412 126 68 8 370
 315 4 186 496 73 277 77 400 454 312
 394 356 58 294 93 360 400 82 165 163
 154 477 76 404 247 140 299 385 176 275
 203 258 496 74 432 379 360 278 289 272
 433 57 336 293 198 274 215 8 457 283
 301 154 342 11 153 328 452 100 433 193
 188 392 24 106 170 54 180 275 247 102
 40 284 379 495 175 223 496 2 222 446
 375 98 461 186 109 497 110 267 421 159
 55 411 270 277 399 273 137 64 310 42
 430 295 43 270 447 446 176 66 185 216
 73 109 369 132 221 119 469 3 465 87
 487 149 373 122 49 325 22 449 347 97
 52 387 462 61 239 459 281 248 114 365
 47 131 231 475 234 304 86 140 358 10
 289 88 293 413 455 368 489 48 216 119
 42 276 137 310 140 319 207 428 308 64
 132 405 148 410 427 307 416 235 197 497
 488 401 276 252 423 369 377 301 166 77
 269 156 345 352 312 349 45 462 136 312
 270 400 17 467 218 69 314 380 200 456
 95 421 190 262 223 52 333 412 366 166
 217 71 498 19 51 497 467 181 194 344
 382 232 484 0 147 363 316 385 278 462
 481 485 337 71 144 23 397 444 76 297
 340 83 162 243 196 404 333 26 397 383
 286 375 283 188 132 365 387 166 307 0
 439 368 176 375 160 378 102 307 275 451
 194 106 228 373 171 248 249 416 42 325
 72 420 302 458 392 455 199 127 89 38
 377 66 168 144 372 180 72 200 8 442
 421 97 441 267 31 347 396 496 57 142
 253 102 418 291 398 342 384 160 22 179
 313 254 234 259 413 288 461 240 236 124
 58 366 404 158 311 206 431 384 393 347
 182 303 450 239 120 86 333 322 482 121
 252 187 197 6 168 220 12 466 260 135
 30 355 479 38 233 220 317 110 271 441
 42 285 352 1 435 462 154 265 127 151
 347 319 39 186 128 489 53 388 386 420
 60 444 128 9 497 68 109 124 359 232
 316 13 279 450 3 176 419 212 477 268
 257 119 315 236 442 410 383 76 286 229
 86 482 300 217 390 401 44 437 460 8
 309 136 3 373 275 90 250 314 151 420
 276 90 165 257 79 190 330 65 299 20
 275 217 413 238 430 238 141 205 362 79
 467 140 90 333 102 325 360 387 321 116
 128 381 170 124 492 357 153 390 493 394
 41
 788 949 617 440 684 833 61 42 101 399
 887 841 643 897 132 148 476 687 356 502
 385 873 910 353 454 492 423 285 163 88
 532 329 10 389 475 911 723 108 378 313
 340 955 100 217 62 477 607 136 155 222
 325 202 581 673 285 653 528 49 127 897
 61 732 545 717 904 91 492 103 482 951
 578 829 2 952 144 445 330 135 697 206
 578 210 51 396 584 279 932 299 14 564
 897 822 816 660 684 583 668 724 520 958
 362 894 236 512 75 153 624 749 934 747
 111 545 50 131 611 57 405 977 375 552
 684 963 835 186 383 49 91 869 533 792
 91 415 111 672 593 520 39 535 621 183
 809 860 364 575 621 873 90 944 974 980
 23 669 449 456 369 228 830 369 731 940
 784 410 479 366 145 546 783 27 430 619
 722 393 331 605 710 71 900 119 220 192
 911 702 534 919 290 723 443 617 703 21
 895 758 462 965 664 158 837 725 650 624
 499 308 115 771 0 262 918 454 25 781
 362 783 496 966 843 966 735 628 377 839
 810 206 853 566 900 431 173 256 630 730
 637 821 541 327 134 130 319 393 70 427
 15 191 375 198 687 204 543 219 50 242
 808 290 372 692 93 456 844 237 495 915
 286 880 498 600 713 173 324 748 956 653
 286 890 543 518 480 544 391 550 359 45
 871 420 227 33 713 473 612 91 223 707
 696 726 451 471 730 378 744 577 275 271
 965 436 743 794 71 952 852 375 461 345
 10 302 948 479 886 133 315 142 906 566
 116 402 342 674 657 961 889 551 699 612
 222 255 200 146 776 362 745 87 287 210
 605 499 769 644 787 558 487 722 477 434
 475 662 87 164 353 476 315 6 597 537
 476 115 249 979 193 827 915 797 306 484
 840 733 25 35 124 782 514 108 853 136
 136 995 565 200 112 858 800 5 899 148
 39 339 683 506 945 685 248 536 449 695
 43 313 954 720 389 783 320 587 157 482
 441 73 784 568 614 329 878 657 981 330
 234 331 732 218 494 170 460 519 703 686
 473 800 912 783 106 429 433 673 736 6
 190 587 283 814 757 64 336 159 694 675
 146 858 774 614 168 890 959 307 749 608
 362 107 954 997 478 773 857 468 871 931
 631 527 90 905 35 640 850 695 489 494
 589 990 486 291 410 651 525 595 292 676
 8 902 141 945 520 291 662 193 724 818
 775 857 75 856 289 669 273 353 716 273
 558 838 710 140 699 154 954 60 375 428
 809 42 698 760 142 983 109 348 837 408
 412 841 359 360 780 178 4 64 470 663
 420 132 501 480 38 133 617 201 75 647
 895 586 162 173 445 335 385 140 894 442
 558 446 373 514 725 886 105 233 865 358
 287 205 509 497 382 202 629 235 872 836
 223 514 789 443 384 198 507 415 380 9
 922 210 692 279 912 639 584 932 91 432
 864 495 564 949 709 44 761 952 815 514
 447 273 668 901 892 521 655 835 673 295
 215 995 844 999 602 709 687 740 93 173
 534 831 415 332 592 603 645 272 985 796
 267 875 352 16 276 696 286 293 595 316
 102 85 334 805 936 514 725 232 353 566
 562 123 930 448 860 886 979 306 240 922
 361 298 18 925 720 712 7 432 489 20
 738 880 656 119 66 663 587 204 347 391
 456 346 687 773 831 489 161 128 393 149
 79 768 309 294 486 69 246 825 803 717
 739 883 418 273 398 947 473 339 517 923
 513 745 63 713 604 50 432 765 196 867
 184 372 671 903 247 629 324 445 971 909
 442 775 625 741 395 869 82 488 255 846
 430 401 868 527 188 807 684 424 247 770
 453 191 179 116 569 399 908 156 202 324
 370 707 839 381 207 410 230 759 750 216
 25 113 747 18 140 650 784 109 943 791
 652 722 740 519 548 53 269 855 60 476
 773 641 37 873 967 108 698 718 156 482
 745 223 640 872 728 683 925 483 745 984
 82 918 829 205 191 586 415 827 397 913
 234 783 778 261 518 314 262 343 889 882
 667 788 883 630 133 475 459 521 37 48
 738 29 964 211 60 959 837 127 455 227
 322 930 724 993 245 859 408 471 712 113
 245 811 967 699 42 700 656 129 761 824
 931 813 72 980 519 839 51 369 828 389
 806 707 915 652 16 226 724 956 741 222
 455 289 706 423 369 605 20 821 863 73
 485 46 602 383 16 533 986 804 14 935
 695 913 911 379 816 715 6 14 552 548
 95 264 975 929 994 920 679 286 695 927
 73 147 55 808 839 177 966 587 570 224
 775 441 323 678 349 335 658 334 62 707
 396 337 550 145 110 993 912 668 59 8
 260 691 704 719 551 150 13 79 698 104
 105 16 597 487 544 231 37 732 554 77
 733 193 430 633 52 898 300 852 157 91
 301