250
 432 338 145 95 84 357 23 371 232 307
 431 281 214 393 248 277 276 82 348 189
 137 465 78 154 439 396 167 389 448 221
 402 479 469 487 99 385 263 11 461 43
 63 457 112 403 151 488 65 481 416 407
 418 393 211 305 259 350 489 483 346 94
 20 417 243 7 317 37 51 140 90 457
 436 380 406 213 269 348 176 234 246 231
 15 271 191 52 489 240 453 133 144 157
 132 62 400 325 44 399 172 80 129 235
 144 184 53 307 288 275 407 38 338 343
 16 260 189 329 318 482 93 96 1 181
 160 338 351 478 260 361 189 190 445 497
 310 233 133 181 391 134 313 149 99 410
 190 266 167 336 65 370 279 19 302 401
 417 409 254 160 145 416 116 32 444 242
 7 150 115 244 331 241 236 37 152 91
 395 315 415 416 10 298 301 466 446 44
 372 368 341 129 420 368 290 134 452 487
 168 496 129 289 280 226 487 453 466 296
 339 200 206 261 128 127 448 276 94 343
 410 265 139 491 69 345 188 185 96 70
 110 235 27 406 338 1 186 205 55 72
 221 197 113 85 124 12 175 314 402 258
 202 84 16 303 75 254 301 413 486 454
 254
 244 479 851 916 906 238 35 597 120 831
 588 415 611 214 291 12 536 807 613 996
 768 430 962 931 881 399 957 526 221 353
 836 608 285 926 924 403 261 761 154 180
 735 972 611 402 504 598 563 475 530 159
 459 660 955 393 704 596 83 514 454 35
 418 76 949 188 452 159 266 548 986 446
 512 241 507 729 621 402 485 332 764 169
 628 579 464 130 958 771 884 296 583 273
 797 906 475 589 110 337 779 468 33 872
 235 256 585 194 119 376 247 903 834 64
 530 100 313 676 440 460 855 497 229 280
 583 443 428 230 656 246 859 896 206 286
 669 123 645 533 489 777 803 822 723 936
 606 424 426 647 150 497 596 39 829 172
 520 188 913 482 160 995 265 211 939 88
 99 672 280 505 349 776 280 833 293 458
 450 41 778 629 835 93 289 963 203 619
 432 231 384 260 216 570 969 631 141 190
 354 980 899 488 410 677 11 854 250 189
 328 289 483 220 241 3 137 717 480 617
 709 437 828 220 210 860 406 522 557 897
 954 856 417 996 679 793 316 494 993 509
 576 790 111 216 474 498 416 386 817 275
 492 232 800 697 822 249 947 97 674 104
 385