250
 129 417 17 92 322 378 130 486 346 460
 181 256 76 480 43 191 53 222 162 13
 410 105 245 72 405 379 266 102 47 224
 292 28 432 147 139 340 268 108 123 199
 437 126 60 131 295 335 455 148 281 232
 163 297 258 214 306 68 53 39 85 356
 331 16 62 300 207 237 484 343 300 141
 42 186 356 114 423 79 453 373 251 375
 475 171 372 228 406 26 252 112 389 260
 126 362 287 365 455 390 183 17 387 29
 194 129 319 138 21 180 112 227 87 164
 412 65 254 205 466 434 384 310 247 119
 65 375 162 136 340 479 471 351 264 433
 55 277 172 218 495 248 112 33 24 316
 6 492 297 119 384 3 325 320 54 60
 369 341 308 339 112 96 293 151 320 106
 304 409 22 326 262 264 449 29 36 499
 331 325 355 66 71 295 116 280 69 493
 335 161 59 365 428 419 443 68 84 36
 134 317 378 280 106 19 282 338 379 17
 57 379 59 438 147 3 372 261 405 5
 371 388 448 310 395 223 339 37 126 376
 475 105 130 439 278 4 106 448 148 42
 229 374 313 317 277 432 173 468 280 224
 119 400 113 347 404 463 387 38 414 319
 38
 288 636 943 819 638 909 486 581 76 177
 888 592 346 933 441 218 940 609 126 977
 557 845 730 551 593 544 75 345 409 637
 751 82 314 440 41 559 401 233 388 422
 963 306 910 77 748 283 79 248 57 752
 971 815 871 886 17 591 225 291 461 993
 556 97 592 628 123 26 992 986 533 516
 737 11 621 944 791 408 935 379 893 862
 178 972 690 430 409 638 3 319 994 878
 828 754 535 310 237 789 189 580 879 984
 845 595 636 540 577 414 896 695 22 969
 697 857 419 830 135 917 680 757 219 561
 952 858 796 651 937 266 792 508 257 425
 517 354 281 387 198 14 531 103 74 423
 223 815 741 777 319 251 275 946 304 467
 361 223 223 633 909 278 639 662 825 132
 386 279 21 650 721 270 419 873 647 72
 366 704 224 692 521 462 897 392 529 514
 822 719 441 614 534 20 235 670 290 188
 963 607 250 479 856 247 460 125 710 592
 378 951 928 722 110 305 628 155 786 342
 781 401 10 258 217 52 869 401 779 218
 552 205 917 522 181 589 591 450 420 705
 427 248 700 789 124 886 94 20 762 984
 132 91 651 710 17 134 483 999 357 746
 87