500
 289 177 310 150 479 42 185 120 445 54
 439 255 144 364 207 483 73 122 299 109
 35 73 368 305 162 200 492 262 247 283
 172 50 150 320 291 300 487 200 290 418
 58 253 467 236 374 393 314 290 336 485
 424 114 131 367 411 200 278 218 259 230
 161 159 161 130 427 495 254 45 374 333
 499 95 22 451 7 472 26 458 7 121
 386 483 6 55 267 219 406 225 312 468
 401 258 481 198 149 31 282 251 459 12
 13 88 193 385 467 454 215 118 180 255
 40 96 470 28 483 33 341 438 103 179
 63 458 52 336 383 113 70 403 430 154
 110 196 98 262 364 70 439 238 144 219
 10 356 142 19 336 75 345 493 228 353
 429 361 181 445 442 237 424 0 123 51
 420 203 241 87 45 497 246 21 414 346
 188 25 307 199 145 401 356 164 340 26
 199 264 81 454 61 150 40 183 291 242
 430 281 442 78 162 119 202 297 234 105
 131 90 487 453 129 114 263 91 264 55
 119 12 233 345 122 69 384 105 392 471
 355 447 172 314 69 235 313 337 294 476
 100 352 347 287 55 217 382 382 196 445
 113 131 261 461 305 105 497 378 226 139
 213 37 223 367 406 320 85 330 33 190
 135 463 355 407 263 477 42 67 393 296
 170 386 358 43 75 65 396 215 464 465
 349 240 348 196 366 48 436 216 382 92
 440 25 17 420 133 126 469 488 96 482
 479 48 264 428 72 472 4 307 85 404
 188 398 370 84 287 310 279 404 105 408
 114 73 71 234 476 120 129 6 99 368
 104 96 332 488 483 403 455 227 66 433
 407 454 213 174 481 487 159 244 245 440
 13 18 186 176 394 321 362 88 158 193
 223 111 413 425 302 203 123 266 86 330
 57 196 59 76 89 195 307 275 130 87
 279 60 131 457 102 457 54 381 157 156
 437 62 154 316 92 425 203 162 215 65
 258 167 29 388 438 10 460 41 231 278
 266 418 439 138 135 336 61 464 407 98
 371 456 479 4 312 62 65 49 392 388
 85 342 195 77 23 409 382 398 306 428
 67 243 210 120 258 121 105 461 446 385
 203 158 74 338 420 49 18 363 437 376
 194 41 200 380 72 427 463 343 409 369
 78 212 391 411 341 157 460 453 419 166
 287 177 385 393 241 450 104 379 438 463
 379 323 58 272 125 424 4 425 202 49
 249
 134 677 909 456 454 877 802 781 635 239
 594 888 217 231 8 597 420 734 699 912
 921 258 481 560 771 699 431 415 393 986
 570 263 687 108 317 530 844 880 886 476
 338 300 173 188 513 890 994 215 289 435
 17 923 252 986 320 365 164 745 257 246
 664 17 618 0 128 648 674 910 348 149
 604 657 761 188 971 441 805 787 654 503
 184 209 251 682 21 636 826 913 507 69
 487 216 588 76 888 306 527 939 261 911
 507 249 559 400 994 37 135 392 716 713
 902 344 241 762 982 652 42 645 946 982
 685 76 570 437 748 738 890 819 239 643
 295 159 475 401 160 538 995 229 499 980
 873 513 880 516 194 247 31 389 197 915
 260 921 248 346 532 796 888 796 151 382
 613 214 512 42 274 492 919 360 649 366
 357 829 211 205 529 673 598 713 534 686
 877 830 676 725 838 311 169 579 666 946
 284 676 695 161 385 499 122 352 661 103
 17 190 850 133 351 823 964 708 603 274
 408 752 623 537 922 717 161 4 922 594
 273 961 278 751 712 604 649 934 400 336
 32 924 421 877 1 982 545 416 217 413
 529 220 665 182 194 778 350 898 336 272
 833 778 817 706 938 538 536 741 838 955
 837 69 893 567 847 469 878 888 287 713
 675 929 423 412 998 567 469 367 711 778
 195 670 969 676 9 831 861 545 618 86
 965 185 650 294 653 27 16 213 717 313
 988 119 447 257 288 765 394 456 497 276
 445 809 307 769 514 798 149 67 631 584
 722 140 474 941 393 413 352 564 67 532
 557 471 577 893 436 668 327 708 736 77
 434 785 149 157 244 661 363 221 675 163
 307 696 994 999 305 255 857 93 858 509
 79 330 838 151 28 797 450 632 166 324
 354 449 374 5 137 366 749 53 323 144
 393 405 557 228 795 145 348 984 941 92
 829 606 25 384 221 538 641 186 176 340
 530 210 411 217 659 878 539 422 377 758
 692 940 66 788 393 314 47 454 324 533
 433 735 594 97 802 900 311 800 358 883
 581 662 414 42 559 763 330 758 943 61
 332 57 296 23 82 532 573 247 155 675
 472 9 581 112 457 641 414 956 290 862
 369 687 348 360 235 843 176 760 862 561
 587 405 160 524 894 6 975 305 233 697
 143 153 126 297 191 288 518 802 267 864
 261 201 868 786 943 329 841 445 801 582
 639