750
 450 272 323 50 465 235 8 407 341 240
 312 266 141 399 350 461 268 304 339 82
 207 21 407 340 495 189 37 32 234 448
 210 276 107 140 153 4 31 397 247 437
 239 144 371 118 349 328 142 238 159 134
 397 337 248 64 347 177 310 238 348 64
 211 249 101 179 252 43 273 52 97 26
 387 113 165 65 356 156 300 121 260 94
 487 322 10 421 325 293 246 420 88 409
 338 158 445 324 351 20 304 247 446 206
 447 146 445 280 338 254 154 495 103 85
 114 140 329 477 187 67 473 406 374 176
 205 351 99 225 158 0 232 439 6 128
 478 452 225 104 439 446 492 334 261 161
 328 303 465 362 95 10 189 420 95 198
 476 110 462 318 82 153 275 45 388 236
 0 0 231 293 250 46 432 22 416 35
 82 496 21 358 184 497 334 397 317 274
 149 96 274 235 458 360 375 315 398 143
 388 35 137 261 158 425 176 327 429 283
 146 143 53 445 112 475 14 239 478 479
 498 223 459 463 76 172 248 21 243 26
 373 302 1 224 391 107 292 91 349 263
 373 131 287 431 36 328 402 320 434 239
 10 213 174 446 17 319 460 283 343 73
 141 448 33 394 294 7 489 175 58 361
 258 425 394 465 189 50 430 308 431 445
 470 412 174 291 226 495 19 111 90 271
 277 352 16 316 299 337 312 428 202 231
 484 96 136 321 497 345 88 484 443 55
 466 388 154 415 272 383 2 349 317 341
 160 430 203 82 287 229 316 379 304 250
 433 392 272 470 24 354 89 200 494 424
 355 192 235 242 174 315 127 172 26 104
 372 491 105 123 267 199 73 190 25 273
 108 96 124 345 223 55 195 174 308 202
 133 387 458 177 85 105 160 63 259 411
 213 91 322 275 65 194 261 70 139 274
 488 418 56 176 398 148 472 269 406 292
 51 480 86 93 298 373 349 69 259 146
 170 238 423 155 95 313 170 284 398 315
 318 256 284 2 190 439 102 393 189 442
 23 415 475 192 212 267 495 8 483 247
 353 374 393 302 177 170 40 292 21 91
 12 469 179 319 95 490 474 199 163 66
 139 42 58 162 94 420 404 164 471 78
 307 26 118 202 98 232 496 359 355 34
 495 106 231 56 35 81 56 127 46 39
 419 290 142 169 76 205 487 13 224 72
 169 402 93 482 107 46 373 423 252 105
 467 19 411 150 266 380 206 15 154 468
 188 496 242 420 468 112 76 37 3 385
 265 74 228 400 372 459 491 127 148 493
 257 447 246 225 102 203 21 379 222 170
 238 231 151 351 185 493 229 80 333 353
 454 14 426 411 373 326 135 83 471 252
 186 392 91 400 44 122 9 216 366 305
 62 446 114 379 301 403 65 492 404 151
 167 35 41 325 499 285 481 179 22 293
 352 355 12 410 420 156 12 161 205 130
 481 362 255 412 455 166 12 28 378 263
 466 72 279 409 124 17 395 404 74 177
 204 95 247 479 126 395 49 221 151 423
 81 428 102 26 117 393 196 251 272 12
 326 166 7 207 305 146 444 326 54 235
 48 136 407 127 78 266 157 356 365 461
 402 328 360 337 496 263 146 174 317 156
 94 68 297 155 141 446 400 98 106 48
 468 402 211 34 8 96 308 310 23 475
 308 112 13 484 140 50 248 178 108 275
 188 61 144 411 70 87 260 379 424 426
 143 31 228 367 160 462 275 367 51 207
 285 499 379 301 13 345 368 79 498 41
 412 203 292 136 260 450 125 173 212 480
 186 486 52 28 156 406 122 13 143 31
 242
 433 520 292 431 363 77 731 852 331 215
 143 957 653 99 890 843 778 851 630 438
 40 761 314 305 531 789 410 872 390 986
 915 131 701 350 787 118 68 412 256 500
 686 557 592 219 228 69 547 247 854 683
 198 260 653 982 141 67 510 337 422 727
 913 463 946 609 958 264 361 383 816 145
 269 694 789 494 578 594 89 382 527 681
 272 338 275 844 608 407 925 825 168 619
 480 556 951 494 350 950 894 171 98 368
 208 235 626 627 547 776 259 31 77 583
 336 979 884 290 268 912 807 640 525 279
 990 894 90 212 379 266 919 100 997 118
 620 562 666 914 242 854 642 702 400 76
 555 748 746 439 803 772 940 157 306 499
 87 423 149 520 914 924 330 485 558 861
 818 584 808 676 434 383 681 264 324 813
 748 67 957 132 722 9 875 628 964 779
 227 160 685 769 848 105 231 865 568 163
 84 894 538 464 761 935 748 421 778 360
 938 406 926 796 683 452 868 499 581 230
 734 53 941 26 167 947 186 742 182 711
 661 526 440 8 783 507 206 737 814 905
 113 490 215 947 899 226 275 320 560 401
 592 828 717 716 236 166 151 827 173 355
 210 924 492 216 38 125 754 422 321 251
 522 625 778 636 653 669 883 526 536 9
 726 967 64 984 344 39 431 645 724 95
 957 950 352 346 96 292 819 261 568 193
 514 89 57 664 506 744 736 505 231 778
 14 740 163 522 164 781 4 209 309 109
 176 767 846 338 796 97 465 412 719 449
 388 490 308 478 304 221 954 866 893 346
 847 636 322 577 583 218 876 541 960 109
 785 452 861 456 72 154 543 878 912 760
 409 599 229 39 488 610 517 290 924 995
 326 466 602 575 735 161 892 63 570 108
 84 783 540 361 306 678 898 108 292 215
 818 202 393 892 932 231 625 307 473 721
 78 304 317 694 872 179 284 831 333 187
 21 617 544 610 729 491 190 246 944 760
 870 482 704 398 598 410 168 210 277 230
 602 283 237 27 635 87 94 220 924 281
 457 548 908 291 628 252 415 742 883 16
 548 419 695 609 392 329 796 69 492 499
 984 465 588 795 455 259 381 963 991 458
 279 983 883 246 683 923 28 831 991 712
 510 873 607 286 954 622 602 142 879 786
 285 896 550 829 33 231 749 594 47 105
 81 810 369 547 377 680 203 27 79 156
 163 108 658 192 904 526 77 544 887 490
 138 553 484 980 810 144 21 322 630 33
 915 525 790 273 198 969 415 756 863 163
 612 820 177 662 955 315 576 384 734 862
 314 524 719 52 757 987 824 725 674 81
 323 528 515 456 12 674 855 563 540 184
 972 535 555 767 738 847 427 114 652 0
 801 707 18 21 684 483 616 839 659 577
 123 865 142 172 869 967 658 807 168 852
 66 219 626 641 637 819 790 701 570 110
 956 755 239 168 692 341 770 862 577 680
 445 316 599 74 822 750 599 773 639 44
 570 571 225 527 80 756 814 838 412 29
 646 250 323 247 641 136 258 199 597 902
 0 665 222 633 468 621 413 149 982 173
 806 126 253 375 573 498 134 309 8 971
 119 400 277 906 452 833 288 484 698 886
 408 223 896 13 521 373 474 167 681 449
 216 808 68 429 607 413 991 935 326 796
 812 526 536 685 590 642 898 78 922 490
 215 803 458 772 605 816 181 999 326 636
 915 282 282 349 468 130 117 823 449 879
 681 558 497 211 388 285 361 555 464 646
 213 83 582 962 780 342 804 398 71 346
 880 829 881 420 453 780 328 622 325 60
 489