250
 424 424 339 176 238 288 155 82 6 329
 163 147 7 172 295 73 9 372 457 108
 374 360 455 28 444 270 245 133 333 390
 472 486 120 241 273 457 373 109 257 437
 77 172 316 189 231 65 90 208 325 286
 230 161 297 434 151 389 42 226 411 456
 152 485 456 297 216 469 406 317 15 406
 359 258 12 469 100 365 303 149 131 54
 268 16 233 169 131 469 34 109 38 127
 451 139 362 395 428 292 350 428 33 181
 272 415 343 480 66 84 353 293 250 440
 43 126 214 114 250 93 113 377 158 365
 394 262 314 425 399 226 424 293 201 7
 114 20 112 56 405 455 388 300 403 22
 283 468 71 329 253 21 34 227 489 467
 494 229 498 72 103 465 96 171 35 374
 6 153 377 134 350 330 484 179 381 411
 296 105 413 347 210 101 211 427 452 63
 273 211 499 178 302 308 124 58 333 398
 159 203 276 458 471 76 474 460 331 187
 325 91 288 313 69 372 180 27 198 489
 85 356 476 94 32 245 377 285 322 286
 154 189 151 237 331 336 281 462 62 350
 72 150 59 442 224 497 420 271 478 333
 485 98 205 43 455 231 8 499 89 404
 166
 224 276 881 296 177 124 225 970 750 120
 286 920 239 192 19 177 279 135 20 252
 44 620 894 612 793 410 998 990 438 388
 276 809 207 836 867 660 644 653 538 713
 439 6 22 273 172 624 65 89 439 419
 244 997 752 885 427 46 776 799 187 444
 435 4 848 782 620 444 610 4 879 125
 438 805 718 344 425 539 720 230 160 887
 116 335 98 872 99 983 309 629 704 12
 206 119 598 458 467 579 836 637 759 334
 360 350 371 261 474 397 47 407 261 822
 897 130 272 381 104 882 182 162 14 493
 547 866 392 99 747 879 879 15 100 719
 444 244 861 935 558 795 89 663 194 554
 413 447 873 785 446 790 681 556 259 308
 106 602 781 635 226 665 737 584 617 429
 642 225 427 161 970 236 271 246 1 671
 712 672 352 627 169 844 968 165 982 257
 393 141 884 573 748 681 894 702 81 706
 888 931 234 162 818 16 619 822 921 406
 744 755 636 206 135 640 739 834 600 504
 719 761 711 584 451 38 129 328 512 3
 205 32 168 36 217 293 485 251 488 707
 374 211 278 882 538 612 518 106 52 25
 581 778 566 853 821 886 296 424 774 926
 6