250
 189 339 310 483 438 20 31 376 456 312
 40 189 344 206 496 7 212 293 424 450
 159 442 372 485 21 72 161 310 394 356
 388 225 3 269 140 331 425 394 320 401
 205 175 120 438 312 103 97 431 218 104
 473 355 476 38 249 494 254 35 461 348
 364 457 292 65 433 11 308 199 256 487
 455 310 466 291 412 369 86 366 313 350
 185 160 99 68 267 171 155 99 100 119
 206 499 375 217 214 418 13 66 327 213
 380 142 304 369 103 398 142 459 145 480
 200 89 293 326 116 98 231 259 264 347
 95 159 77 169 357 247 348 218 3 5
 336 167 372 404 435 162 241 10 487 177
 145 124 233 255 396 73 453 297 307 348
 276 122 212 294 134 465 219 495 294 212
 192 230 137 264 173 216 476 406 480 84
 155 37 99 346 178 48 76 171 286 171
 188 134 405 207 97 401 125 252 416 301
 78 158 335 217 414 337 35 122 72 229
 429 201 367 384 133 448 341 283 213 427
 94 81 427 370 195 4 282 211 69 313
 404 159 299 52 19 470 56 189 307 64
 67 127 126 121 85 19 79 149 451 467
 110 61 16 469 123 120 370 480 373 495
 353
 251 904 875 505 361 413 341 192 200 828
 926 30 683 806 357 840 586 633 630 873
 961 518 458 695 636 909 912 718 91 857
 759 662 758 692 455 934 907 493 646 900
 896 585 476 136 221 297 641 126 904 505
 863 381 769 453 917 105 361 242 126 836
 724 133 324 383 692 686 355 21 431 284
 724 955 490 639 934 344 510 745 286 5
 12 184 445 186 695 636 261 246 66 688
 384 562 954 915 888 696 743 851 893 103
 957 843 448 114 737 599 853 527 607 483
 247 339 702 54 266 554 732 714 631 761
 915 903 610 692 667 229 790 68 70 119
 830 274 382 514 69 257 604 781 424 682
 777 195 255 765 625 785 46 105 199 67
 46 682 322 837 85 280 652 977 852 614
 38 234 72 677 788 787 302 322 831 92
 874 179 950 366 687 177 547 352 899 899
 320 235 621 579 228 83 494 648 296 879
 79 684 753 944 327 144 202 791 270 135
 648 290 631 910 913 931 408 789 955 454
 595 33 799 604 468 401 848 728 59 364
 452 81 512 337 711 846 724 636 561 735
 602 617 207 832 966 515 17 130 621 607
 154 288 114 326 997 45 411 971 23 621
 6