500
 463 3 313 328 463 453 327 150 494 10
 130 97 278 457 153 160 263 267 341 190
 243 293 456 100 184 423 422 399 195 56
 319 250 370 75 189 110 486 330 282 499
 390 272 214 397 205 142 444 100 196 272
 119 177 20 202 465 117 278 230 173 117
 224 189 228 265 10 403 241 423 333 403
 32 483 417 436 313 282 353 263 106 354
 427 228 432 302 160 18 433 359 15 262
 240 331 316 130 337 172 376 185 134 472
 87 377 269 487 303 270 126 405 20 118
 126 114 373 457 198 280 188 315 219 14
 335 143 231 254 93 237 189 32 243 124
 114 112 193 331 392 300 414 421 407 71
 59 65 211 343 217 84 253 190 172 384
 239 280 23 300 360 222 237 18 94 251
 116 86 302 440 391 405 301 241 384 178
 157 295 179 68 259 487 257 110 288 314
 103 101 77 292 161 312 87 376 308 359
 29 190 399 59 409 242 322 177 424 387
 485 497 168 87 168 424 399 279 377 118
 304 291 395 3 418 349 54 26 304 103
 490 425 476 63 89 457 362 366 176 362
 378 212 182 484 436 212 425 132 334 63
 20 428 422 54 151 16 114 258 144 370
 67 66 456 108 235 444 306 216 486 258
 124 479 274 398 213 50 138 233 299 297
 3 359 276 124 154 60 206 221 65 308
 83 206 282 407 434 448 34 324 99 200
 147 455 209 187 263 424 394 312 174 307
 125 269 227 424 27 426 357 135 245 235
 173 236 200 133 77 349 381 217 312 93
 94 434 168 33 498 147 433 375 94 314
 22 105 492 147 356 379 62 435 9 378
 99 190 61 135 358 151 309 347 372 427
 124 349 127 496 273 492 359 71 356 95
 174 33 123 495 423 267 473 439 483 109
 107 249 137 59 186 9 420 172 297 325
 183 317 48 204 118 139 341 301 312 20
 116 444 251 485 76 449 30 408 272 2
 0 123 360 11 353 465 338 11 38 381
 62 163 108 268 51 486 492 486 294 208
 371 67 49 308 34 162 364 284 93 197
 12 331 423 102 126 29 11 447 82 410
 369 196 238 218 287 320 262 21 9 391
 161 166 48 98 327 470 444 261 51 96
 471 2 59 104 170 129 108 15 332 140
 238 52 35 102 375 286 127 356 0 75
 209 494 494 360 55 419 130 8 245 138
 187 225 88 435 362 383 265 66 267 300
 190
 541 95 755 573 999 245 865 635 393 393
 436 141 590 146 826 618 952 681 544 563
 647 988 953 890 659 142 100 882 929 570
 225 363 246 932 506 469 233 179 354 816
 307 746 649 117 9 453 520 808 268 23
 297 657 683 790 668 811 589 533 557 119
 927 543 91 308 816 492 169 5 648 794
 970 215 453 95 521 770 632 430 733 212
 411 741 53 554 279 768 685 406 981 736
 546 950 574 28 757 271 734 552 174 710
 328 999 11 406 357 761 651 47 842 329
 702 961 188 629 431 759 269 509 193 937
 495 370 375 655 258 11 429 281 491 610
 163 262 749 17 75 544 908 486 316 820
 723 660 6 563 952 643 758 545 732 454
 458 642 147 528 853 779 180 705 920 671
 298 948 717 500 416 768 675 358 344 718
 136 412 501 318 44 997 729 287 13 467
 523 746 601 848 654 979 232 593 261 497
 986 23 702 861 742 258 13 429 795 492
 276 742 223 984 282 373 821 638 293 469
 117 704 920 952 324 173 143 649 455 502
 658 435 227 738 613 616 254 658 867 743
 627 109 175 36 241 812 420 24 259 368
 799 975 749 705 552 138 546 938 928 494
 148 202 734 138 565 938 641 972 666 520
 13 589 315 6 735 818 190 729 465 712
 992 274 357 625 446 595 513 559 468 863
 526 969 101 163 255 572 746 436 266 841
 536 324 36 861 767 908 104 583 61 610
 438 533 123 549 968 471 448 775 883 86
 190 833 836 993 743 296 672 252 410 937
 922 275 912 718 921 162 761 340 671 128
 59 542 839 507 641 410 659 191 229 82
 986 286 12 106 519 586 619 289 24 233
 691 784 127 369 417 51 393 530 537 552
 460 587 292 84 227 233 301 158 568 135
 806 381 916 841 275 446 555 101 303 960
 203 890 444 733 600 784 655 293 164 701
 837 236 712 295 859 157 124 94 752 231
 598 910 259 4 815 705 544 185 408 91
 681 381 57 323 421 977 906 812 249 568
 897 447 40 706 112 743 928 724 967 902
 767 574 258 37 136 543 715 450 819 900
 939 240 760 675 637 295 243 990 217 842
 753 597 483 439 20 26 567 284 40 459
 597 997 574 892 686 594 104 450 917 824
 965 566 38 773 957 369 666 760 316 12
 760 747 744 202 610 819 945 226 820 487
 319 472 507 283 924 86 319 997 614 900
 915