500
 64 350 253 166 375 368 107 384 99 495
 202 368 431 49 222 272 127 105 285 396
 302 38 398 228 496 36 41 63 486 157
 216 132 87 199 173 355 154 61 496 477
 368 492 123 441 444 228 414 283 89 411
 169 324 407 385 327 14 421 123 122 92
 110 391 346 106 148 386 294 436 44 325
 69 67 22 437 258 487 88 104 433 479
 132 303 433 198 6 384 166 153 289 332
 448 327 387 458 136 261 329 317 281 297
 301 14 168 41 341 289 456 143 277 279
 266 367 471 276 473 264 438 370 284 139
 228 51 234 319 228 235 458 404 233 219
 475 190 323 432 462 376 262 17 401 441
 151 58 310 251 13 67 372 196 401 277
 406 247 396 51 364 96 322 252 267 42
 194 489 196 484 68 422 201 412 257 373
 438 265 132 225 160 145 202 363 359 121
 486 476 152 290 270 424 424 63 246 238
 183 105 234 255 454 95 107 363 138 49
 347 387 58 48 417 442 213 216 209 178
 24 206 133 218 195 314 494 110 267 192
 160 121 402 387 297 375 119 178 251 267
 102 319 313 223 351 253 266 365 469 199
 166 359 313 118 475 54 114 375 184 65
 49 333 360 77 413 281 493 485 108 88
 419 226 238 484 287 301 498 391 411 276
 44 285 37 325 58 414 142 460 238 483
 447 74 88 318 41 37 438 395 326 305
 206 321 218 179 474 439 351 392 367 367
 375 108 68 267 299 408 291 238 228 234
 199 301 56 373 107 265 109 203 148 73
 128 355 159 337 414 185 222 134 328 187
 446 298 485 396 231 326 178 396 72 430
 236 335 221 295 266 8 392 263 423 69
 433 374 486 65 353 235 330 327 50 340
 431 259 342 327 140 137 465 184 90 146
 18 184 385 440 73 230 210 458 11 50
 68 394 393 429 195 80 363 37 186 201
 163 410 457 162 452 95 243 179 255 221
 380 168 194 129 96 216 433 271 249 322
 326 107 464 342 20 251 390 427 97 309
 5 190 157 297 363 193 480 323 75 62
 317 292 400 86 100 210 81 372 310 32
 90 306 192 472 461 427 119 238 343 284
 469 402 227 18 160 391 406 449 344 99
 120 188 329 428 178 74 497 183 383 357
 110 298 391 259 66 431 326 113 328 42
 76 73 354 472 61 365 266 167 479 325
 466 355 8 48 97 391 19 130 237 26
 240
 957 491 353 442 138 465 950 623 482 144
 307 798 540 575 516 447 474 569 567 639
 719 652 396 955 235 919 180 644 862 284
 642 109 366 786 877 312 837 775 274 994
 38 616 21 183 287 36 20 185 800 463
 928 165 740 255 456 78 221 230 448 201
 482 909 533 451 494 331 524 609 3 319
 634 871 620 586 478 514 886 54 298 655
 324 901 740 989 744 332 452 0 185 404
 288 469 562 197 273 90 838 54 468 495
 527 151 107 653 83 884 878 30 211 141
 723 231 561 272 904 246 607 471 170 740
 187 550 643 780 903 982 970 516 544 477
 351 824 342 34 574 953 353 558 755 740
 951 236 294 114 888 799 913 20 196 422
 280 596 370 793 710 196 459 510 668 729
 558 684 198 263 17 312 474 547 691 947
 350 958 916 14 309 20 566 54 786 16
 517 553 955 975 834 252 272 520 927 756
 104 575 643 269 286 580 400 656 416 229
 22 179 649 786 434 856 526 524 388 64
 72 12 87 840 184 579 202 438 632 136
 94 10 732 333 448 600 560 87 195 732
 558 475 780 727 315 862 702 591 51 279
 669 449 860 629 787 966 890 109 782 581
 639 107 680 911 66 624 973 500 510 962
 608 840 45 10 710 60 841 983 184 260
 61 910 799 537 756 927 537 228 320 186
 216 924 213 766 689 181 274 437 828 181
 790 775 351 59 6 678 995 990 785 230
 429 162 391 616 961 66 443 124 66 502
 484 104 138 676 495 719 968 673 564 10
 338 256 824 647 838 446 525 276 799 540
 980 470 436 934 846 638 394 833 28 143
 670 147 942 486 18 519 583 875 179 819
 629 567 485 237 947 365 931 322 877 869
 537 347 327 244 489 965 684 730 508 580
 133 329 653 763 244 775 603 839 950 106
 739 846 6 862 480 412 759 426 780 253
 814 824 926 319 16 633 993 517 790 771
 857 709 401 483 980 495 181 893 26 538
 661 448 926 223 82 372 571 994 566 345
 54 488 893 46 217 996 796 870 366 687
 924 286 741 86 623 195 890 623 87 281
 55 158 126 197 464 743 106 282 534 824
 448 715 528 290 231 378 385 141 473 761
 118 804 173 571 320 347 277 204 229 393
 309 600 344 918 656 510 46 868 358 313
 457 30 219 563 451 592 329 813 623 623
 497 790 606 922 265 858 814 181 295 806
 681