250
 141 349 208 357 360 159 264 364 99 207
 33 234 218 112 245 45 414 89 77 459
 244 451 227 41 168 82 486 386 462 322
 292 451 185 278 300 218 128 1 13 52
 206 443 201 61 245 16 299 182 364 141
 473 2 384 204 41 377 220 442 414 489
 174 283 387 426 475 257 382 164 164 240
 318 151 387 178 118 71 122 88 117 298
 57 30 381 267 377 442 449 395 57 272
 198 77 320 167 404 264 414 133 409 474
 448 215 38 320 177 394 220 124 238 142
 203 425 205 50 237 498 459 424 166 388
 330 52 335 353 390 321 233 127 298 294
 10 425 104 82 381 355 469 448 331 462
 104 350 100 192 389 109 193 298 293 467
 314 29 282 276 266 304 127 401 102 223
 267 35 73 318 48 486 352 112 452 190
 26 448 191 492 492 235 40 119 49 125
 304 203 44 269 79 418 58 62 211 414
 87 323 125 166 236 165 387 494 334 4
 246 498 418 18 200 301 466 408 329 144
 385 144 62 380 170 398 395 355 83 127
 353 324 220 381 8 77 95 103 59 372
 309 329 282 8 100 222 263 494 77 392
 279 482 255 10 461 85 471 256 448 21
 279
 604 751 621 906 719 477 174 816 409 548
 37 492 211 515 490 528 382 822 908 159
 304 684 799 779 305 898 117 237 747 920
 189 675 694 937 962 759 392 320 808 428
 526 138 458 964 46 320 583 669 470 140
 791 356 335 234 822 39 688 638 491 4
 917 654 960 135 796 9 356 195 109 665
 977 279 433 459 670 679 142 283 277 335
 447 612 266 421 685 163 50 711 440 559
 46 504 2 186 968 204 516 418 222 46
 704 667 381 428 724 845 973 190 805 525
 147 78 992 33 320 355 756 719 250 560
 605 138 285 671 980 454 619 744 815 741
 51 129 34 789 710 668 902 653 634 990
 966 563 185 63 87 706 425 529 397 425
 439 397 419 524 589 75 834 761 499 404
 338 929 717 644 428 615 781 136 624 448
 811 237 905 650 798 876 495 589 686 836
 611 530 586 347 511 326 639 833 887 272
 587 960 221 876 32 665 820 651 890 153
 887 22 353 237 162 111 972 213 318 358
 215 275 579 539 440 673 671 228 207 755
 656 22 305 671 133 339 838 736 257 26
 830 230 155 604 894 269 69 410 706 796
 693 351 925 127 285 431 345 144 475 706
 511