250
 327 199 157 477 113 107 287 143 41 193
 260 367 188 268 25 157 139 249 117 355
 292 28 382 259 107 408 405 347 369 484
 283 460 204 161 485 420 371 168 480 242
 208 35 456 492 104 189 232 411 125 394
 101 200 214 368 313 54 267 152 455 117
 362 36 313 329 109 6 435 297 370 86
 201 130 135 475 78 425 423 231 305 247
 409 68 375 413 499 316 406 41 464 141
 327 286 402 476 449 487 479 284 14 52
 398 304 319 443 216 167 405 343 357 287
 401 23 217 16 418 100 296 138 405 154
 321 83 270 136 341 355 106 103 393 347
 96 30 266 490 123 100 208 166 342 473
 282 40 87 488 121 281 103 17 204 230
 265 244 354 113 479 382 105 370 80 149
 165 257 240 444 329 123 293 336 86 82
 333 125 234 104 220 273 240 46 187 331
 326 0 324 223 455 459 72 353 499 247
 8 466 407 338 408 436 10 112 336 145
 450 283 219 244 86 431 196 395 262 277
 430 198 136 392 32 285 55 480 124 241
 138 138 91 252 21 256 250 357 276 396
 193 417 205 170 155 392 233 227 268 238
 366 243 399 271 431 477 489 496 188 229
 288
 485 777 392 271 17 199 645 588 943 576
 599 562 444 22 650 665 70 206 398 544
 450 345 128 45 757 330 712 615 684 391
 254 998 558 144 646 536 96 202 92 398
 589 132 92 944 232 288 358 302 277 156
 283 332 753 649 694 471 706 555 158 125
 137 755 920 619 304 281 661 364 131 329
 381 975 204 799 294 844 455 577 262 921
 355 577 358 196 70 35 176 221 793 813
 77 709 101 988 796 475 121 842 938 954
 150 902 388 797 646 586 361 183 642 456
 421 326 367 533 711 437 417 733 848 600
 755 18 602 194 343 150 862 889 231 230
 573 639 923 414 142 465 105 757 217 408
 953 934 49 392 440 625 438 190 839 611
 104 552 267 46 572 132 267 898 424 645
 968 568 575 426 591 292 451 301 772 118
 964 114 753 672 156 262 134 238 881 410
 198 576 429 374 337 977 286 750 623 240
 855 274 644 364 591 660 304 851 399 777
 382 281 718 907 579 242 130 347 141 186
 597 293 600 551 815 292 567 77 865 619
 422 274 315 406 561 403 527 764 228 241
 316 710 801 69 498 210 393 410 859 204
 291 94 120 339 342 582 292 454 271 66
 231