750
 318 413 456 253 34 243 108 294 38 444
 153 263 469 130 455 253 124 279 200 497
 18 67 196 358 356 451 172 120 381 491
 326 21 322 473 491 342 38 285 218 374
 369 445 409 119 321 147 79 237 200 80
 269 497 114 249 490 436 256 440 258 97
 123 15 194 98 457 130 460 124 173 266
 398 444 398 75 191 306 107 256 21 137
 246 459 180 324 183 178 414 105 102 264
 336 299 356 267 343 438 415 338 362 419
 155 84 289 333 473 142 338 347 80 192
 249 61 176 330 51 8 95 425 66 175
 411 482 354 301 137 204 376 311 268 461
 358 80 2 461 297 136 480 139 375 356
 302 324 467 200 168 16 462 210 438 0
 491 272 208 108 206 264 110 332 91 97
 389 175 449 168 136 416 389 408 353 469
 269 268 370 419 477 418 34 446 283 423
 234 439 444 143 356 337 464 211 206 499
 283 234 183 355 389 97 335 484 338 4
 415 430 272 309 43 482 92 325 147 326
 13 8 106 358 156 494 59 223 128 144
 382 197 228 248 138 222 404 153 384 257
 399 74 33 315 292 361 70 237 470 196
 206 176 282 33 266 278 235 288 446 218
 334 163 354 368 38 217 392 74 78 122
 330 181 110 337 81 153 348 497 499 152
 127 428 46 429 254 39 165 419 75 14
 398 225 316 83 162 177 224 187 2 68
 183 374 26 161 72 196 202 278 114 397
 72 174 492 470 46 414 303 12 192 110
 269 320 93 88 170 265 105 205 108 329
 439 269 211 188 379 346 470 33 394 196
 157 23 227 162 266 216 367 297 48 401
 450 155 400 179 441 290 331 207 21 279
 381 165 379 471 30 166 28 148 11 41
 266 286 123 77 337 236 4 290 56 228
 320 207 478 145 431 184 343 174 180 117
 421 88 380 431 280 293 202 80 262 447
 3 487 152 116 348 71 76 63 148 95
 144 259 401 133 432 130 100 434 393 471
 164 420 222 400 291 319 97 271 186 332
 130 277 180 489 264 168 145 14 174 133
 31 210 310 457 325 21 147 127 379 454
 236 177 430 158 264 173 71 489 116 287
 118 134 252 324 481 22 147 362 356 26
 388 126 300 63 80 241 140 51 451 215
 113 195 472 333 251 293 16 303 143 204
 70 319 496 469 136 409 20 217 373 450
 490 371 423 16 386 326 379 393 327 172
 5 393 93 66 391 121 166 240 43 272
 203 35 299 70 397 295 477 247 164 193
 388 265 209 115 28 341 103 413 268 90
 68 40 51 230 165 308 435 53 57 412
 358 411 116 68 21 5 55 52 81 386
 428 75 250 438 382 34 462 329 253 31
 327 296 107 427 389 424 125 433 35 494
 383 217 275 421 63 397 191 387 311 420
 54 64 316 44 313 263 457 399 28 69
 155 427 297 138 250 56 277 419 441 416
 442 466 295 205 441 143 234 417 386 333
 247 407 9 286 91 238 52 280 357 158
 342 261 418 326 265 446 444 218 440 416
 94 9 296 176 412 273 273 132 72 401
 113 104 252 419 21 475 311 77 131 355
 174 374 335 388 173 193 172 474 363 164
 61 338 159 255 106 311 456 342 29 254
 478 183 445 498 487 307 289 206 299 201
 356 74 424 166 403 124 32 192 220 267
 171 100 78 440 328 416 446 274 153 48
 76 223 240 91 196 493 152 423 165 355
 236 317 411 317 212 477 290 238 446 163
 392 110 406 426 71 466 176 489 183 493
 66 146 170 28 310 210 86 156 87 450
 457 452 159 104 183 437 198 154 265 186
 259
 539 546 802 155 699 299 640 759 774 201
 264 822 285 371 686 117 446 368 868 89
 827 641 672 635 26 714 526 830 643 435
 889 152 934 190 508 730 783 807 781 807
 677 653 762 560 579 652 687 665 677 961
 23 288 809 384 715 680 81 41 713 349
 903 333 845 535 771 421 882 889 79 977
 837 545 361 611 366 550 43 564 49 981
 488 233 600 731 789 444 743 258 22 60
 847 256 725 408 86 592 265 151 887 876
 83 594 92 160 577 250 232 68 190 473
 755 125 486 324 379 325 211 419 631 491
 914 954 45 713 730 708 765 596 43 752
 863 526 353 614 295 131 365 651 229 842
 869 944 993 356 142 307 754 299 260 874
 457 607 556 519 68 859 30 908 773 279
 7 234 348 47 855 66 5 7 120 8
 201 205 591 878 659 22 366 650 960 625
 961 60 186 600 878 608 27 306 844 178
 583 495 55 915 525 243 740 506 200 769
 397 165 803 286 712 790 160 793 43 351
 307 161 788 750 494 627 458 609 397 639
 971 621 201 346 263 188 558 144 134 377
 167 394 103 330 429 892 151 361 731 687
 668 860 852 402 790 471 889 928 2 446
 446 593 209 525 867 111 843 873 774 472
 126 941 934 683 120 203 805 414 642 807
 137 110 21 100 215 889 299 195 478 649
 885 975 172 467 906 624 88 408 769 464
 932 421 108 831 74 589 527 43 338 293
 513 773 959 39 569 256 974 752 376 755
 526 132 34 726 520 991 855 278 524 336
 826 880 282 531 522 882 562 104 368 660
 348 180 61 644 592 40 601 378 209 221
 840 499 506 410 408 650 282 608 319 126
 721 548 763 226 316 166 99 142 702 991
 344 381 987 854 602 42 812 197 391 11
 554 345 358 680 849 901 332 128 597 36
 845 293 745 79 318 687 605 917 919 330
 940 393 360 43 709 554 912 970 122 251
 975 43 941 268 250 889 650 772 169 811
 213 676 873 102 425 794 59 190 441 40
 595 441 115 168 655 586 975 765 743 421
 311 993 822 15 763 356 702 281 127 377
 597 554 468 497 687 5 201 754 964 64
 316 864 317 3 453 408 481 691 688 536
 873 216 697 897 174 363 49 881 447 539
 811 554 279 308 29 47 727 58 374 517
 314 574 47 209 902 580 521 490 863 187
 493 637 321 876 291 811 661 182 253 671
 389 728 714 423 134 157 109 474 361 112
 338 907 682 650 532 129 900 163 615 197
 767 459 630 975 209 592 181 667 529 74
 787 738 101 340 661 46 982 472 900 612
 272 745 234 500 289 805 747 465 580 28
 947 266 643 899 827 775 709 857 152 490
 812 532 6 214 135 491 896 340 725 670
 811 370 290 436 880 777 757 765 688 491
 404 48 786 859 568 42 745 997 567 283
 222 596 470 233 587 884 916 917 700 38
 207 203 892 873 155 172 481 941 203 404
 201 389 143 445 339 296 346 193 630 617
 129 830 184 453 159 164 703 833 746 636
 423 438 489 26 439 280 234 203 205 689
 84 265 569 43 829 959 833 974 141 934
 250 268 247 204 16 57 204 359 441 870
 497 444 765 32 724 97 585 120 279 777
 382 157 142 201 22 707 966 493 715 944
 638 952 179 138 697 697 689 637 890 651
 425 550 961 254 409 597 674 41 401 360
 311 105 498 939 673 339 914 428 866 326
 922 879 412 859 347 48 692 651 142 56
 419 467 659 153 200 51 492 280 46 927
 363 341 629 454 685 550 508 320 416 327
 213 832 250 562 899 267 127 508 878 24
 255