250
 86 434 483 329 403 84 426 33 109 313
 320 318 409 395 350 285 55 478 377 119
 84 346 170 385 431 288 340 222 158 299
 37 411 375 299 386 319 22 285 285 112
 263 40 378 407 419 206 14 323 125 161
 123 320 68 129 99 298 451 0 332 111
 316 234 310 206 74 491 86 403 63 126
 187 286 249 67 154 4 485 59 200 138
 453 226 416 144 242 349 443 204 111 448
 6 260 186 237 83 340 224 108 404 34
 214 303 206 495 467 163 398 406 263 268
 342 295 321 449 39 461 245 107 401 229
 386 302 408 90 499 163 318 457 141 141
 174 234 65 58 411 224 439 340 279 248
 105 194 142 180 277 232 323 106 41 291
 481 390 171 402 199 35 173 440 414 440
 210 226 390 164 311 162 30 244 424 7
 6 392 359 118 48 386 343 400 15 298
 337 231 350 10 179 270 389 4 63 318
 357 99 20 365 184 325 316 371 90 414
 128 180 417 231 251 200 128 394 247 125
 482 273 290 49 288 184 7 305 144 147
 381 402 207 157 356 355 397 18 18 372
 386 285 241 186 270 108 35 151 186 433
 331 311 12 472 258 499 22 9 149 482
 199
 881 322 630 967 36 395 824 115 444 949
 655 308 255 163 716 143 359 924 179 863
 407 836 512 458 148 801 22 338 215 36
 539 697 946 135 813 989 487 988 353 121
 243 91 253 924 254 708 645 686 848 274
 83 642 797 521 231 904 528 395 938 359
 7 778 377 293 408 276 37 567 786 316
 243 215 842 207 905 576 766 928 480 397
 920 808 414 183 176 689 816 256 843 750
 735 587 824 115 472 121 985 894 919 667
 633 777 248 932 853 639 516 175 302 755
 191 691 116 289 494 923 694 116 381 677
 880 887 800 700 954 14 580 679 918 609
 113 425 242 252 588 818 954 509 626 335
 27 908 610 417 646 435 612 909 136 396
 852 641 278 932 441 668 965 402 893 412
 2 838 602 338 255 914 361 576 643 437
 458 497 858 557 453 842 110 214 303 988
 500 188 251 748 144 685 283 733 304 427
 41 564 134 534 276 969 22 14 545 357
 845 257 141 403 867 861 637 228 418 798
 682 185 189 8 337 955 645 978 197 408
 627 635 94 276 497 531 950 958 845 658
 122 300 427 985 433 958 339 908 67 846
 849 574 327 640 765 366 992 840 564 962
 950