250
 435 364 149 490 353 356 444 412 85 239
 352 300 381 11 118 72 231 40 237 312
 375 488 69 342 365 92 97 460 376 287
 324 180 75 65 114 62 136 109 247 366
 195 149 99 338 422 52 489 196 411 250
 391 249 363 426 217 404 201 350 66 278
 83 117 278 250 125 471 108 7 478 65
 46 366 470 187 216 186 120 167 190 55
 111 17 462 412 42 441 15 408 362 175
 354 257 146 110 131 13 410 303 394 262
 128 344 215 104 40 98 266 317 262 313
 337 42 238 289 33 213 140 211 333 264
 366 232 146 79 382 188 370 449 483 236
 182 448 229 251 480 249 301 417 456 195
 129 17 300 141 349 208 357 360 159 264
 364 99 207 33 234 218 112 245 45 414
 89 77 459 244 451 227 41 168 82 486
 386 462 322 292 451 185 278 300 218 128
 1 13 52 206 443 201 61 245 16 299
 182 364 141 473 2 384 204 41 377 220
 442 414 489 174 283 387 426 475 257 382
 164 164 240 318 151 387 178 118 71 122
 88 117 298 57 30 381 267 377 442 449
 395 57 272 198 77 320 167 404 264 414
 133 409 474 448 215 38 320 177 394 220
 124
 476 285 406 851 411 101 474 996 919 849
 333 776 660 105 671 707 781 642 466 254
 597 588 20 851 208 164 763 710 939 897
 663 925 209 701 200 384 778 218 386 597
 587 934 628 59 564 552 533 608 254 803
 205 446 534 70 147 636 96 972 704 224
 905 380 52 897 383 985 984 470 80 238
 99 251 608 406 89 539 159 836 116 124
 422 828 174 646 251 333 472 331 775 988
 668 8 492 997 837 37 400 602 932 816
 658 288 771 289 124 761 340 797 791 711
 166 255 706 649 441 762 16 155 190 206
 119 745 619 659 564 16 200 445 527 988
 154 785 558 964 510 21 922 171 942 513
 896 42 559 604 751 621 906 719 477 174
 816 409 548 37 492 211 515 490 528 382
 822 908 159 304 684 799 779 305 898 117
 237 747 920 189 675 694 937 962 759 392
 320 808 428 526 138 458 964 46 320 583
 669 470 140 791 356 335 234 822 39 688
 638 491 4 917 654 960 135 796 9 356
 195 109 665 977 279 433 459 670 679 142
 283 277 335 447 612 266 421 685 163 50
 711 440 559 46 504 2 186 968 204 516
 418 222 46 704 667 381 428 724 845 973
 190