250
 201 241 89 266 359 331 329 185 440 357
 352 255 386 14 496 422 272 213 186 29
 184 450 83 273 300 276 332 372 491 4
 482 207 489 118 392 406 93 87 239 2
 102 186 133 88 371 497 477 0 404 109
 159 342 231 52 219 419 404 432 161 76
 493 44 155 219 123 450 257 222 120 315
 234 466 349 186 108 385 327 365 347 327
 397 37 472 379 454 201 168 322 142 409
 1 433 357 430 89 83 195 437 15 112
 127 491 201 239 106 391 321 183 46 108
 90 43 262 172 37 189 91 406 276 70
 276 293 299 292 395 480 253 195 10 378
 376 63 348 21 484 416 113 404 294 242
 259 495 79 385 270 106 406 312 273 368
 486 175 193 409 86 412 204 309 26 262
 66 73 178 5 422 439 495 304 184 357
 6 223 104 487 45 416 348 253 145 280
 84 477 139 413 494 46 139 295 29 139
 68 85 493 472 333 142 353 339 210 216
 320 70 16 181 66 492 342 362 269 166
 128 357 38 226 362 420 362 412 109 216
 378 121 495 385 453 384 420 461 280 267
 350 246 197 398 468 114 197 98 387 437
 287 50 161 404 137 416 299 59 255 191
 330
 627 203 684 25 238 797 231 830 989 540
 305 501 664 823 713 53 641 968 233 534
 390 861 144 486 335 360 96 898 146 228
 678 173 387 366 979 895 714 837 124 829
 712 93 650 200 758 950 455 162 447 925
 783 267 554 861 21 946 749 277 676 560
 865 539 137 413 22 769 307 260 794 963
 94 65 532 567 800 899 737 491 301 352
 936 786 838 302 992 386 934 901 693 794
 271 580 440 277 638 566 631 395 469 477
 36 539 639 489 601 338 375 507 870 728
 299 981 706 712 889 825 171 479 705 600
 763 22 236 145 463 81 474 624 750 976
 138 685 731 185 194 921 752 574 648 360
 150 131 228 124 273 218 494 732 391 298
 198 676 845 105 978 393 823 501 783 499
 726 852 434 809 403 701 133 557 167 234
 557 501 250 943 217 15 957 130 93 732
 940 375 433 373 241 335 380 110 223 35
 924 824 85 882 30 816 725 351 708 514
 292 221 263 26 821 606 789 524 257 688
 431 209 80 197 532 634 525 627 674 84
 477 578 67 426 280 423 667 528 733 464
 293 158 764 376 740 898 967 472 364 897
 459 502 960 498 602 834 913 390 259 34
 600