250
 107 218 3 374 263 482 194 94 269 325
 169 261 25 458 433 421 108 330 307 370
 155 159 263 337 386 215 0 273 239 392
 67 280 51 261 457 61 353 404 396 434
 353 492 427 486 491 331 280 349 388 475
 213 291 8 303 235 181 426 418 27 181
 486 167 480 44 20 19 411 345 398 224
 343 70 104 77 45 93 437 492 448 235
 176 37 489 127 242 184 101 468 34 82
 137 428 160 167 319 52 382 350 295 321
 395 444 440 496 93 495 141 81 78 85
 57 123 190 385 100 228 361 400 13 447
 138 477 30 413 8 233 274 242 442 39
 470 207 239 117 223 324 41 301 91 45
 444 432 467 449 37 49 40 307 218 438
 240 204 110 341 56 272 356 27 457 404
 462 75 180 158 444 409 442 32 99 177
 307 311 91 118 49 149 435 268 391 316
 322 83 385 328 418 490 69 88 122 174
 57 103 359 409 496 223 391 73 492 112
 0 374 59 2 7 259 443 263 197 163
 208 353 489 486 203 311 133 81 450 328
 357 336 331 246 447 33 133 485 97 170
 164 343 243 337 260 134 68 56 274 152
 171 179 326 234 359 386 247 114 38 290
 129
 284 827 793 288 479 334 630 521 1 789
 616 967 274 221 744 356 947 57 240 11
 988 313 377 602 599 751 827 222 737 947
 463 538 663 876 535 506 430 765 703 401
 515 596 61 175 716 375 869 111 98 619
 200 813 725 485 810 912 247 385 203 674
 79 811 353 897 975 199 610 582 607 134
 102 807 697 181 284 183 576 964 507 113
 922 374 553 250 825 134 326 944 627 561
 88 736 312 354 480 611 762 857 2 435
 7 595 112 362 492 287 912 242 841 228
 736 214 718 441 689 87 774 921 568 148
 51 876 267 855 306 644 59 157 714 11
 44 460 320 217 634 165 511 551 620 735
 935 173 109 53 147 517 124 259 721 761
 675 492 891 683 857 705 889 925 953 379
 781 3 153 807 788 513 570 475 467 493
 517 150 957 747 848 737 571 109 398 448
 917 493 171 817 495 875 169 145 844 208
 874 278 965 804 277 213 64 476 517 603
 34 981 967 654 439 406 688 113 731 188
 137 647 830 542 94 2 198 790 834 91
 245 957 624 745 602 977 578 765 703 415
 695 246 573 131 569 288 483 915 119 407
 756 460 980 683 539 601 390 290 681 806
 863